11
11
11
11
11
11
11
11
24
11
9
11
11
11
11
11
11
20
16
16
16
16
16
16
16
16
11
16
16
16
11
16
16
11
16
11
16
16
11
11
11
16
11
11
11
11
11
11
11
11
11
11
11
11
11
11
11
16
11
11
11
11
16
16
11
11
11
11
11
11
11
11
11
9
16
11
11
11
11
11
16
11
11
16
16
11
16
20
16
11
16
11
16
11
11
11
11
11
20
20
11
12
12
12
20
11
11
11
20
20
20
20
20
20
11
11
11
16
11
11
16
11
9
11
11
11
24
11
11
11
11
20
11
20
20
20
20
11
11
12
11
11
16
11
20
20
20
24
11
11
11
11
11
11
11
11
11
11
11
11
11
11
11
20
16
11
11
11
11
11
20
20
11
16
11
11
11
16
