62.63 26.05 11.07 0.0 19.0 1.66 22.0 201.0 323.0 53.0 4.67 0.078 0.009 28.0 0.0 0.07 0.126 6.933 0.514 0.545 8.0 1.53 0.0 83.0 0 0 0
61.82 25.66 12.36 0.0 17.0 1.7 20.0 189.0 308.0 50.0 4.52 0.083 0.009 27.3 0.0 0.064 0.113 6.959 0.505 0.511 8.0 1.69 0.0 85.0 4.546 6.121 0.406
63.45 26.44 9.78 0.0 21.0 1.62 23.0 212.0 338.0 56.0 4.82 0.073 0.009 28.7 0.0 0.077 0.138 6.906 0.522 0.579 8.0 1.37 0.0 81.0 3.595 4.841 0.321
63.79 26.34 9.73 0.0 15.0 1.77 22.0 202.0 324.0 54.0 4.9 0.082 0.01 29.9 0.0 0.07 0.135 7.77 0.517 0.548 9.0 1.64 0.0 80.0 3.527 4.907 0.312
65.55 27.17 6.95 0.0 20.0 1.68 24.0 222.0 359.0 58.0 5.0 0.074 0.01 34.1 0.0 0.078 0.144 7.939 0.535 0.6 9.0 1.3 0.0 76.0 2.517 3.502 0.223
59.63 24.47 15.87 0.0 18.0 2.28 21.0 189.0 307.0 75.0 8.74 0.074 0.012 25.2 0.0 0.076 0.182 4.303 0.693 0.374 6.0 3.22 6.0 84.0 6.462 7.509 0.59
61.29 24.86 14.41 0.0 19.0 2.16 20.0 185.0 312.0 76.0 8.24 0.067 0.012 26.3 0.0 0.067 0.174 4.314 0.663 0.382 6.0 2.66 7.0 81.0 6.192 6.843 0.679
64.79 26.65 8.46 0.0 19.0 2.47 22.0 210.0 344.0 80.0 9.73 0.078 0.014 27.3 0.0 0.075 0.193 4.693 0.725 0.409 6.0 3.24 2.0 83.0 3.422 4.167 0.426
63.88 26.41 9.36 0.0 18.0 2.52 22.0 211.0 339.0 79.0 9.93 0.08 0.014 27.0 0.0 0.08 0.197 4.593 0.74 0.399 6.0 3.46 1.0 84.0 3.751 4.691 0.431
66.16 27.02 7.12 0.0 20.0 2.42 22.0 209.0 351.0 81.0 9.56 0.074 0.014 28.7 0.0 0.07 0.19 4.65 0.71 0.413 7.0 2.85 2.0 81.0 2.929 3.38 0.418
55.22 24.98 19.64 0.0 16.0 2.45 22.0 193.0 325.0 71.0 8.68 0.077 0.012 27.5 0.0 0.066 0.191 4.663 0.752 0.373 6.0 3.03 7.0 87.0 8.66 9.457 0.81
54.74 24.95 20.35 0.0 15.0 2.46 21.0 192.0 333.0 71.0 8.63 0.079 0.012 26.8 0.0 0.066 0.188 4.649 0.746 0.357 6.0 2.89 7.0 86.0 8.677 9.479 0.799
55.93 25.03 18.57 0.0 17.0 2.42 22.0 192.0 307.0 70.0 8.78 0.072 0.012 29.1 0.0 0.066 0.194 4.773 0.758 0.408 6.0 3.14 8.0 89.0 8.633 9.422 0.827
60.79 27.94 10.79 0.0 17.0 2.87 25.0 228.0 380.0 75.0 10.54 0.088 0.015 31.0 0.0 0.07 0.217 5.19 0.835 0.412 7.0 3.37 2.0 88.0 4.83 5.39 0.48
60.35 27.97 11.47 0.0 16.0 2.88 24.0 227.0 391.0 75.0 10.5 0.091 0.015 30.1 0.0 0.07 0.213 5.18 0.83 0.393 7.0 3.2 1.0 86.0 4.895 5.461 0.478
61.45 27.88 9.77 0.0 19.0 2.81 25.0 226.0 356.0 74.0 10.6 0.082 0.015 32.8 0.0 0.07 0.22 5.31 0.84 0.454 7.0 3.5 2.0 91.0 2.9 6.13 0.58
66.19 25.87 5.52 0.0 8.0 2.93 23.0 227.0 293.0 71.0 7.82 0.117 0.0 25.2 0.0 0.111 0.23 3.632 0.73 0.321 8.0 3.39 0.0 63.0 1.871 2.654 0.387
65.57 25.73 5.72 0.0 8.0 3.02 23.0 234.0 293.0 73.0 7.83 0.121 0.0 25.2 0.0 0.11 0.229 3.612 0.0 0.32 8.0 3.37 0.0 65.0 1.721 2.721 0.401
67.09 26.08 5.24 0.0 7.0 2.8 23.0 217.0 293.0 68.0 7.81 0.112 0.0 25.3 0.0 0.112 0.232 3.66 0.742 0.324 8.0 3.42 0.0 60.0 2.09 2.555 0.368
66.27 25.9 5.42 0.0 8.0 2.93 23.0 227.0 293.0 71.0 7.83 0.118 0 25.3 0.0 0.111 0.23 3.635 0 0.322 8.0 3.39 0.0 63.0 1.828 2.608 0.384
65.59 25.74 5.69 0.0 8.0 3.02 23.0 234.0 293.0 73.0 7.83 0.121 0 25.2 0.0 0.11 0.229 3.613 0 0.32 8.0 3.37 0.0 94.0 1.71 2.71 0.4
67.26 26.13 5.02 0.0 7.0 2.8 23.0 217.0 293.0 68.0 7.83 0.112 0 25.3 0.0 0.112 0.232 3.668 0 0.324 8.0 3.42 0.0 99.0 2.0 2.46 0.36
65.65 26.22 7.2 0.0 5.0 2.59 25.0 225.0 356.0 59.0 5.24 0.171 0.014 38.7 0.0 0.078 0.267 5.187 0.856 0.596 8.0 5.16 0.0 78.0 2.833 2.933 0.41
65.57 26.07 7.68 0.0 5.0 2.58 25.0 227.0 361.0 60.0 5.26 0.09 0.011 38.9 0.0 0.081 0.223 5.035 0.858 0.586 8.0 4.73 0.0 76.0 2.737 2.872 0.381
65.79 26.45 6.43 0.33 5.0 2.6 24.0 223.0 348.0 58.0 5.19 0.253 0.021 38.3 0.0 0.072 0.354 5.49 0.852 0.615 8.0 6.01 0.0 80.0 1.7 3.284 0.49
64.88 26.3 7.66 0.12 5.0 2.79 26.0 232.0 361.0 60.0 7.09 0.089 0.015 41.5 0.0 0.075 0.294 5.273 0.839 0.576 11.0 4.95 0.0 76.0 2.765 3.044 0.395
65.02 26.07 8.11 0.0 5.0 2.57 24.0 223.0 342.0 59.0 6.85 0.097 0.013 40.1 0.0 0.068 0.268 5.165 0.784 0.567 11.0 4.56 0.0 74.0 3.031 3.38 0.405
64.65 26.66 6.94 0.0 5.0 3.23 28.0 249.0 401.0 62.0 7.58 0.073 0.019 44.3 0.0 0.087 0.344 5.49 0.949 0.593 11.0 5.71 0.0 77.0 2.235 2.373 0.376
62.04 24.93 12.79 0.0 6.0 2.88 23.0 203.0 322.0 77.0 9.05 0.134 0.018 37.8 0.0 0.073 0.292 3.833 0.944 0.387 6.0 5.89 0.0 83.0 5.095 5.33 0.563
61.93 24.7 13.59 0.0 6.0 2.78 23.0 199.0 317.0 78.0 8.77 0.139 0.018 37.0 0.0 0.07 0.247 3.72 0.881 0.376 6.0 5.75 0.0 83.0 5.432 5.711 0.558
62.22 25.29 11.52 0.0 6.0 3.1 24.0 211.0 333.0 76.0 9.61 0.122 0.017 39.3 0.0 0.079 0.382 4.06 1.07 0.41 6.0 6.18 0.0 83.0 4.423 4.568 0.572
59.08 26.18 13.54 0.21 13.0 3.26 23.0 202.0 310.0 73.0 9.85 0.108 0.016 29.9 0.0 0.089 0.243 3.591 0.909 0.413 6.0 3.68 7.0 93.0 5.692 6.809 0.79
58.12 26.1 14.41 0.4 12.0 3.27 23.0 204.0 313.0 73.0 9.66 0.11 0.017 31.9 0.0 0.089 0.24 3.575 0.86 0.395 6.0 3.46 7.0 89.0 5.963 7.02 0.806
60.52 26.3 12.25 0.0 16.0 3.31 23.0 198.0 301.0 73.0 10.19 0.103 0.016 27.7 0.0 0.089 0.246 3.681 0.957 0.456 6.0 4.22 7.0 98.0 5.285 6.491 0.766
59.72 26.5 12.64 0.14 14.0 3.31 23.0 205.0 314.0 73.0 10.05 0.11 0.017 30.2 0.0 0.09 0.247 3.617 0.92 0.418 6.0 3.73 2.0 93.0 5.28 6.384 0.761
58.83 26.49 13.42 0.28 12.0 3.32 23.0 207.0 318.0 73.0 9.85 0.111 0.017 32.3 0.0 0.09 0.243 3.6 0.87 0.399 6.0 3.5 1.0 89.0 5.565 6.607 0.777
61.06 26.53 11.46 0.0 16.0 3.37 23.0 202.0 306.0 74.0 10.4 0.104 0.017 28.0 0.0 0.09 0.25 3.71 0.97 0.461 6.0 4.28 2.0 98.0 4.73 4.73 0.71
64.17 27.66 8.23 0.0 20.0 1.74 23.0 210.0 339.0 56.0 4.9 0.082 0.009 29.4 0.0 0.075 0.133 7.363 0.545 0.579 9.0 1.63 0.0 79.0 3.395 3.317 0.322
63.33 27.55 9.31 0.0 18.0 1.8 22.0 201.0 326.0 53.0 4.79 0.088 0.009 28.9 0.0 0.069 0.121 7.471 0.542 0.549 9.0 1.82 0.0 81.0 3.84 3.751 0.364
65.01 27.78 7.15 0.0 22.0 1.68 24.0 220.0 351.0 58.0 5.01 0.076 0.01 29.8 0.0 0.081 0.146 7.256 0.548 0.609 9.0 1.44 0.0 78.0 2.951 2.882 0.28
64.79 27.89 7.4 0.0 18.0 1.74 23.0 217.0 350.0 57.0 5.09 0.081 0.01 31.9 0.0 0.076 0.141 7.981 0.549 0.599 9.0 1.6 0.0 78.0 3.07 2.917 0.292
64.06 27.82 8.32 0.0 15.0 1.84 23.0 211.0 338.0 56.0 5.11 0.086 0.01 31.2 0.0 0.074 0.142 8.208 0.546 0.579 9.0 1.74 0.0 80.0 3.452 3.279 0.329
65.51 27.96 6.48 0.0 20.0 1.71 24.0 226.0 365.0 59.0 5.09 0.076 0.01 34.7 0.0 0.08 0.148 8.171 0.551 0.618 9.0 1.34 0.0 76.0 2.688 2.554 0.256
59.36 22.86 15.54 0.0 37.0 2.41 20.0 194.0 308.0 92.0 5.82 0.066 0.012 19.2 0.0 0.043 0.177 5.034 0.593 0.332 10.0 2.79 3.0 84.0 6.075 7.325 0.408
55.85 25.38 18.66 0.0 35.0 2.25 19.0 185.0 275.0 81.0 6.14 0.069 0.009 21.5 0.0 0.051 0.176 4.537 0.658 0.336 11.0 2.9 3.0 88.0 7.344 8.855 0.493
55.28 25.56 18.87 0.0 30.0 2.37 20.0 189.0 289.0 78.0 6.19 0.075 0.01 21.5 0.0 0.049 0.176 4.818 0.658 0.351 11.0 2.81 3.0 88.0 7.248 8.624 0.52
58.69 23.45 16.44 0.0 32.0 2.5 20.0 199.0 322.0 87.0 5.95 0.071 0.012 19.6 0.0 0.043 0.177 5.282 0.604 0.344 10.0 2.79 3.0 84.0 6.281 7.472 0.451
55.99 25.75 17.78 0.0 24.0 2.48 20.0 194.0 304.0 75.0 6.25 0.08 0.011 21.5 0.0 0.047 0.176 5.098 0.658 0.366 10.0 2.73 3.0 88.0 6.764 7.895 0.517
59.11 24.04 15.94 0.0 26.0 2.59 21.0 205.0 335.0 83.0 6.07 0.076 0.012 19.9 0.0 0.043 0.177 5.53 0.615 0.356 9.0 2.79 3.0 84.0 6.029 7.037 0.461
57.98 25.93 15.41 0.0 18.0 2.6 21.0 198.0 318.0 72.0 6.31 0.085 0.012 21.5 0.0 0.046 0.176 5.378 0.658 0.382 9.0 2.64 3.0 88.0 5.895 6.668 0.484
60.61 24.62 14.02 0.0 20.0 2.68 22.0 211.0 349.0 79.0 6.2 0.081 0.012 20.3 0.0 0.043 0.177 5.778 0.728 0.367 8.0 2.79 3.0 84.0 5.331 6.034 0.438
61.24 26.11 11.75 0.0 13.0 2.71 22.0 202.0 333.0 68.0 6.37 0.09 0.013 21.5 0.0 0.044 0.176 5.659 0.658 0.397 8.0 2.56 3.0 88.0 4.628 4.943 0.421
63.21 25.21 10.68 0.0 15.0 2.77 23.0 216.0 363.0 75.0 6.33 0.086 0.012 20.7 0.0 0.043 0.177 6.027 0.636 0.379 8.0 2.79 3.0 84.0 4.189 4.473 0.381
63.81 26.22 8.94 0.0 9.0 2.78 22.0 205.0 342.0 66.0 6.41 0.094 0.014 21.5 0.0 0.043 0.176 5.827 0.658 0.406 7.0 2.51 3.0 88.0 3.684 3.669 0.368
65.29 25.56 8.01 0.06 11.0 2.82 24.0 220.0 371.0 72.0 6.4 0.089 0.012 20.9 0.0 0.043 0.177 6.175 0.642 0.386 7.0 2.79 3.0 84.0 3.286 3.273 0.328
65.78 26.29 6.8 0.0 7.0 2.83 22.0 206.0 347.0 65.0 6.43 0.096 0.014 21.5 0.0 0.042 0.176 5.939 0.658 0.412 7.0 2.47 3.0 88.0 2.976 2.72 0.327
66.9 25.8 5.94 0.0 9.0 2.85 24.0 222.0 376.0 71.0 6.45 0.091 0.012 21.1 0.0 0.043 0.177 6.275 0.646 0.391 7.0 2.79 3.0 84.0 2.589 2.365 0.284
67.96 26.36 4.46 0.0 5.0 2.88 23.0 208.0 353.0 64.0 6.45 0.098 0.015 21.5 0.0 0.041 0.176 6.051 0.658 0.418 7.0 2.44 3.0 88.0 2.207 1.691 0.281
68.68 26.03 3.65 0.0 7.0 2.89 24.0 224.0 382.0 69.0 6.5 0.093 0.012 21.2 0.0 0.043 0.177 6.374 0.65 0.396 7.0 2.79 3.0 84.0 1.797 1.377 0.229
64.35 27.31 8.14 0.0 13.0 3.2 18.0 254.0 346.0 56.0 4.16 0.091 0.009 24.9 0.0 0.061 0.391 5.556 0.353 0.681 7.0 4.06 6.0 84.0 3.245 3.55 0.59
63.7 27.26 8.82 0.0 14.0 3.24 18.0 252.0 347.0 56.0 4.42 0.086 0.009 24.6 0.0 0.059 0.388 5.438 0.333 0.691 7.0 3.98 6.0 82.0 3.533 3.937 0.617
65.33 27.38 7.12 0.0 13.0 3.03 14.0 258.0 349.0 54.0 3.68 0.097 0.008 25.2 0.0 0.063 0.397 5.732 0.381 0.665 7.0 4.18 8.0 85.0 2.812 2.969 0.55
64.79 27.51 7.49 0.0 13.0 3.22 18.0 255.0 350.0 56.0 4.19 0.091 0.009 25.1 0.0 0.069 0.395 5.586 0.459 0.686 7.0 4.09 2.0 84.0 2.99 3.275 0.569
64.17 27.48 8.13 0.0 14.0 3.25 18.0 253.0 350.0 56.0 4.46 0.086 0.009 24.8 0.0 0.065 0.392 5.47 0.444 0.696 7.0 4.01 1.0 82.0 3.252 3.636 0.594
65.71 27.55 6.54 0.0 13.0 3.04 14.0 259.0 352.0 54.0 3.7 0.097 0.009 25.4 0.0 0.074 0.4 5.76 0.481 0.669 7.0 4.21 2.0 85.0 2.595 2.734 0.532
65.7 27.7 6.36 0.0 13.0 3.04 13.7 259.0 352.0 54.0 3.7 0.097 0.008 25.4 0 0 0.4 5.76 0 0.67 0 4.21 0 85.0 2.47 2.26 0.472
60.38 30.5 8.91 0.0 13.0 3.24 18.0 257.0 350.0 57.0 4.21 0.092 0.009 25.2 0.0 0.062 0.395 5.61 0.356 0.687 7.0 4.1 7.0 93.0 3.525 3.98 0.613
59.78 30.21 9.71 0.0 14.0 3.32 19.0 258.0 356.0 58.0 4.54 0.088 0.009 25.2 0.0 0.061 0.398 5.579 0.342 0.708 7.0 4.08 7.0 93.0 3.85 4.415 0.662
61.29 30.93 7.7 0.0 13.0 3.02 14.0 257.0 348.0 54.0 3.66 0.096 0.008 25.1 0.0 0.071 0.394 5.691 0.431 0.661 7.0 4.15 7.0 93.0 3.036 3.327 0.539
60.76 30.7 8.32 0.0 15.0 3.59 20.0 285.0 390.0 59.0 4.68 0.102 0.01 28.0 0.0 0.071 0.441 6.235 0.471 0.765 7.0 4.57 2.0 93.0 3.296 3.728 0.593
60.21 30.45 9.03 0.0 17.0 4.12 23.0 321.0 443.0 71.0 5.65 0.109 0.012 31.4 0.0 0.071 0.5 7.071 0.471 0.868 7.0 5.18 1.0 93.0 3.576 4.114 0.64
61.58 31.09 7.25 0.0 13.0 3.11 14.0 265.0 359.0 55.0 3.78 0.099 0.009 25.9 0.0 0.076 0.408 5.87 0.494 0.682 7.0 4.29 2.0 93.0 2.876 3.15 0.525
59.98 28.57 11.15 0.0 14.0 3.41 19.0 265.0 366.0 59.0 4.66 0.09 0.01 25.9 0.0 0.064 0.41 5.813 0.369 0.712 7.0 4.25 7.0 81.0 4.534 5.081 0.578
58.83 28.19 12.51 0.0 14.0 3.37 19.0 262.0 361.0 59.0 4.61 0.089 0.01 25.6 0.0 0.061 0.401 5.622 0.344 0.714 7.0 4.11 7.0 88.0 5.111 5.8 0.629
61.71 29.16 9.12 0.0 14.0 3.23 15.0 274.0 371.0 57.0 3.91 0.103 0.009 26.8 0.0 0.067 0.425 6.133 0.408 0.712 7.0 4.48 6.0 85.0 3.667 4.002 0.502
61.74 29.53 8.41 0.0 14.0 3.47 20.0 275.0 376.0 61.0 4.52 0.098 0.009 27.0 0.0 0.071 0.424 5.996 0.476 0.736 7.0 4.39 2.0 91.0 3.413 3.875 0.479
60.74 29.22 9.52 0.0 14.0 3.38 19.0 268.0 367.0 59.0 4.41 0.096 0.009 26.3 0.0 0.067 0.415 5.871 0.454 0.721 7.0 4.3 1.0 87.0 3.899 4.499 0.522
63.25 29.99 6.74 0.0 14.0 3.25 15.0 277.0 375.0 58.0 3.95 0.104 0.009 27.1 0.0 0.076 0.43 6.187 0.495 0.719 7.0 4.52 2.0 86.0 2.685 2.94 0.415
55.99 26.18 17.69 0.0 14.0 2.48 20.0 216.0 265.0 52.0 4.16 0.067 0.003 24.8 0.0 0.058 0.2 6.644 0.338 0.65 6.0 1.88 0 81.0 6.925 7.883 0.813
54.87 25.69 19.19 0.0 14.0 2.47 20.0 212.0 259.0 54.0 4.1 0.064 0.003 24.0 0.0 0.056 0.191 6.734 0.314 0.642 6.0 1.81 7.0 81.0 7.505 8.59 0.862
57.68 26.92 15.44 0.0 14.0 2.51 21.0 223.0 282.0 50.0 4.31 0.064 0.004 25.9 0.0 0.062 0.214 6.51 0.375 0.663 7.0 2.0 8.0 81.0 6.056 6.821 0.738
61.54 29.06 9.11 0.0 13.0 2.59 23.0 229.0 299.0 54.0 4.71 0.074 0.004 27.7 0.0 0.062 0.221 7.32 0.348 0.719 7.0 1.96 2.0 80.0 3.435 3.98 0.504
60.58 28.66 10.34 0.0 13.0 2.58 22.0 226.0 293.0 56.0 4.66 0.071 0.003 26.9 0.0 0.06 0.212 7.46 0.32 0.714 7.0 1.88 1.0 80.0 3.917 4.59 0.545
62.99 29.67 7.26 0.0 13.0 2.61 24.0 236.0 315.0 51.0 4.83 0.07 0.004 28.7 0.0 0.066 0.235 7.11 0.39 0.728 7.0 2.09 2.0 80.0 2.713 3.064 0.442
57.96 26.72 15.11 0.0 22.0 1.63 23.0 213.0 340.0 57.0 4.85 0.073 0.009 28.8 0.0 0.078 0.14 6.978 0.527 0.585 8.0 1.38 0.0 79.0 5.951 6.298 0.56
57.1 26.0 15.0 0.8 7.0 3.16 26.0 226.0 361.0 89.0 9.99 0.159 0 35.6 0.0 0.074 0.26 3.916 0 0.396 6.0 2.77 7.0 84.0 5.35 7.497 0.553
57.2 26.3 14.3 1.1 7.0 3.23 26.0 231.0 368.0 91.0 10.21 0.162 0 35.0 0.0 0.074 0.263 3.961 0 0.4 6.0 2.81 7.0 83.0 5.092 7.085 0.523
56.9 25.5 16.1 0.4 6.0 3.19 24.0 217.0 342.0 78.0 9.88 0.125 0 36.5 0.0 0.08 0.385 4.093 0 0.413 6.0 2.71 8.0 85.0 5.737 8.115 0.598
62.62 28.26 7.23 0.73 17.0 2.02 25.0 232.0 371.0 62.0 5.61 0.094 0 35.3 0.0 0.067 0.129 7.44 0 0.525 7.0 2.74 2.0 84.0 2.653 3.404 0.268
61.65 28.19 7.96 1.07 17.0 2.04 25.0 233.0 374.0 62.0 5.65 0.095 0 34.8 0.0 0.067 0.129 7.423 0 0.524 7.0 2.79 1.0 83.0 2.905 3.763 0.292
64.07 28.36 6.14 0.22 21.0 1.82 26.0 240.0 389.0 63.0 5.41 0.08 0 36.3 0.0 0.081 0.15 8.287 0 0.627 7.0 2.65 2.0 85.0 2.275 2.864 0.231
57.82 31.3 11.37 0.0 6.0 2.54 18.0 157.0 177.0 33.0 5.93 0.119 0.011 2.1 0.0 0.039 0.133 2.132 0.377 0.18 0 1.53 12.0 92.0 4.117 3.67 0.424
60.46 33.53 6.57 0.0 5.0 2.7 19.0 165.0 181.0 33.0 6.38 0.128 0.012 2.0 0.0 0.037 0.142 2.232 0.399 0.191 0 1.65 13.0 91.0 1.881 2.366 0.341
52.86 27.79 19.45 0.03 6.0 2.2 22.0 195.0 338.0 49.0 4.56 0.069 0.004 6.2 0.0 0.066 0.137 3.889 0.405 0.281 0 1.3 11.0 91.0 7.012 6.037 0.491
56.8 30.09 13.22 0.0 5.0 2.38 23.0 209.0 361.0 52.0 4.99 0.074 0.004 6.6 0.0 0.067 0.148 4.177 0.438 0.305 0 1.4 12.0 94.0 4.523 4.0 0.363
64.99 29.49 5.57 0.0 4.0 1.88 24.0 221.0 372.0 43.0 3.92 0.063 0.004 1.8 0.0 0.041 0.111 3.962 0.35 0.335 0 1.24 7.0 67.0 1.85 2.017 0.28
65.38 29.68 4.98 0.0 4.0 1.89 24.0 222.0 374.0 43.0 3.95 0.063 0.004 1.8 0.0 0.041 0.112 3.983 0.353 0.337 0 1.25 7.0 67.0 1.623 1.831 0.269
61.82 27.23 9.74 0.09 18.0 2.21 22.0 204.0 363.0 58.0 4.9 0.058 0.008 3.5 0.0 0.026 0.117 5.053 0.389 0.266 0 1.15 9.0 69.0 3.585 2.975 0.236
56.07 29.36 14.2 0.0 7.0 2.44 23.0 168.0 298.0 63.0 8.06 0.108 0.108 33.3 0.0 0.083 0.348 6.338 0.683 0.483 7.0 2.91 7.0 92.0 5.057 6.278 0.616
55.35 28.9 15.3 0.0 7.0 2.48 23.0 165.0 293.0 63.0 7.95 0.105 0.105 32.9 0.0 0.088 0.35 6.224 0.692 0.462 7.0 3.06 7.0 93.0 5.554 6.927 0.665
57.16 30.06 12.54 0.0 7.0 2.34 24.0 173.0 307.0 61.0 8.33 0.106 0.106 34.3 0.0 0.078 0.346 6.509 0.674 0.515 7.0 2.7 8.0 91.0 4.311 5.304 0.543
57.0 29.99 12.69 0.0 7.0 2.47 24.0 171.0 303.0 63.0 8.24 0.109 0.109 34.0 0.0 0.085 0.353 6.471 0.69 0.492 7.0 2.95 2.0 92.0 4.315 5.49 0.553
56.33 29.56 13.72 0.0 7.0 2.51 23.0 168.0 298.0 64.0 8.14 0.107 0.107 33.7 0.0 0.09 0.355 6.365 0.7 0.471 7.0 3.1 2.0 93.0 4.76 6.088 0.597
58.01 30.64 11.16 0.0 7.0 2.36 24.0 176.0 312.0 62.0 8.49 0.107 0.107 35.0 0.0 0.08 0.35 6.63 0.68 0.524 7.0 2.72 2.0 91.0 3.647 4.594 0.486
51.41 27.06 20.47 0.0 8.0 5.09 24.0 185.0 280.0 70.0 7.01 0.206 0.205 34.8 0.0 0.122 0.831 5.096 1.33 0.45 7.0 7.72 8.0 102.0 7.405 8.235 1.128
50.82 26.46 21.62 0.0 8.0 4.95 24.0 182.0 282.0 70.0 6.97 0.205 0.204 35.2 0.0 0.126 0.827 4.836 1.36 0.437 6.0 7.97 8.0 104.0 7.733 8.732 1.176
52.3 27.95 18.75 0.0 8.0 5.33 26.0 193.0 280.0 69.0 7.2 0.212 0.212 35.1 0.0 0.117 0.837 5.485 1.3 0.47 7.0 7.34 8.0 98.0 6.911 7.49 1.057
52.29 27.68 19.01 0.0 7.0 5.21 25.0 188.0 284.0 71.0 7.17 0.211 0.21 35.7 0.0 0.125 0.853 5.198 1.36 0.458 7.0 7.92 2.0 102.0 6.674 7.443 1.078
51.62 27.03 20.28 0.0 7.0 5.06 24.0 185.0 286.0 71.0 7.12 0.21 0.208 36.0 0.0 0.13 0.848 4.927 1.39 0.445 7.0 8.18 2.0 105.0 7.035 7.979 1.128
53.31 28.65 17.1 0.0 8.0 5.46 26.0 197.0 284.0 70.0 7.38 0.217 0.217 36.0 0.0 0.12 0.86 5.605 1.33 0.479 7.0 7.53 3.0 99.0 6.132 6.639 1.003
66.14 30.54 3.17 0.0 5.0 0.45 34.0 258.0 391.0 52.0 0.9 0.042 0.012 28.4 0.0 0.107 0.213 12.133 1.71 1.157 0 0.21 10.0 104.0 0.992 1.212 0.764
53.52 25.95 20.97 0.0 21.0 1.42 20.0 154.0 210.0 87.0 2.25 0.076 0.022 22.5 0.0 0.061 0.195 6.718 1.012 0.27 6.0 0.27 105.0 88.0 5.82 8.29 4.62
58.75 28.19 13.16 0.0 24.0 1.39 22.0 165.0 237.0 96.0 2.65 0.081 0.022 17.3 0.0 0.068 0.217 7.069 1.13 0.34 7.0 0.3 0.0 90.0 3.6 4.83 3.05
62.44 29.8 7.78 0.0 14.0 1.07 27.0 214.0 245.0 71.0 1.02 0.05 0.018 24.7 0.0 0.066 0.119 12.71 0.936 0.56 4.0 0.32 28.0 84.0 2.19 3.03 1.66
65.26 31.02 3.57 0.0 15.0 1.04 29.0 228.0 256.0 74.0 1.0 0.049 0.017 27.6 0.0 0.07 0.114 13.712 0.965 0.6 4.0 0.34 6.0 85.0 1.01 1.24 0.77
69.93 24.24 5.7 0.0 11.0 1.14 22.0 200.0 256.0 128.0 2.56 0.074 0.014 28.1 0.0 0.098 0.222 5.598 1.1 0.407 4.0 0.38 6.0 130.0 1.505 2.181 1.202
58.63 25.97 15.78 0.0 15.0 1.36 22.0 168.0 220.0 87.0 2.49 0.077 0.021 20.2 0.0 0.066 0.207 6.359 1.111 0.31 7.0 0.29 60.0 91.0 4.37 6.19 3.49
63.06 27.37 9.73 0.0 15.0 1.33 23.0 179.0 240.0 93.0 2.8 0.08 0.021 18.0 0.0 0.073 0.227 6.548 1.21 0.36 8.0 0.32 22.0 93.0 2.66 3.56 2.26
66.39 23.35 10.15 0.0 11.0 1.11 22.0 195.0 247.0 123.0 2.36 0.071 0.015 26.9 0.0 0.093 0.203 5.403 1.077 0.383 4.0 0.39 12.0 130.0 2.74 4.155 2.083
66.74 24.03 8.99 0.0 12.0 1.09 23.0 202.0 264.0 98.0 2.07 0.061 0.02 25.7 0.0 0.09 0.187 6.034 1.191 0.413 5.0 0.38 20.0 127.0 2.446 3.564 1.855
67.69 24.22 7.8 0.0 12.0 1.08 24.0 205.0 269.0 99.0 2.11 0.061 0.019 25.2 0.0 0.091 0.189 6.053 1.209 0.425 5.0 0.39 7.0 128.0 2.108 3.052 1.605
60.51 29.02 10.85 0.0 15.0 1.14 25.0 200.0 227.0 75.0 1.23 0.053 0.018 24.1 0.0 0.06 0.118 11.134 0.926 0.52 3.0 0.32 33.0 84.0 3.05 4.26 2.31
64.76 30.91 4.51 0.0 15.0 1.06 27.0 216.0 247.0 77.0 1.23 0.05 0.017 24.4 0.0 0.065 0.116 12.421 0.972 0.6 4.0 0.34 9.0 85.0 1.27 1.54 0.98
61.96 23.26 14.71 0.0 9.0 1.08 22.0 216.0 253.0 102.0 1.73 0.063 0.017 25.3 0.0 0.088 0.19 5.789 1.227 0.414 4.0 0.44 16.0 133.0 4.111 6.257 2.993
59.4 23.79 16.87 0.0 18.0 0.84 19.0 147.0 212.0 98.0 1.64 0.041 0.011 25.5 0.0 0.065 0.153 6.32 0.86 0.558 9.0 0.35 12.0 141.0 4.976 7.706 3.59
62.78 30.46 8.13 0.0 16.0 1.16 21.0 166.0 210.0 92.0 2.14 0.054 0.016 24.7 0.0 0.047 0.129 7.312 0.999 0.59 4.0 0.34 18.0 85.0 2.26 2.61 1.78
51.84 18.99 28.35 0.0 11.0 2.7 16.0 156.0 204.0 59.0 1.86 0.227 0.019 20.0 0.0 0.174 0.269 4.825 1.098 0.18 6.0 0.3 63.0 84.0 9.67 12.9 3.65
64.22 23.48 11.2 0.0 12.0 2.7 20.0 203.0 252.0 65.0 2.6 0.231 0.019 22.4 0.0 0.26 0.47 5.1 1.5 0.25 10.0 0.4 23.0 89.0 3.951 3.858 1.487
66.43 31.27 2.3 0.0 6.0 4.56 30.0 272.0 397.0 53.0 3.19 0.232 0.026 46.1 0.0 0.35 0.599 9.814 3.387 0.916 9.0 9.37 0.0 82.0 0.583 0.917 0.318
61.97 33.67 2.68 0.0 7.0 6.89 34.0 323.0 324.0 110.0 4.32 0.285 0.036 52.1 0.0 0.43 0.645 10.569 3.647 0.987 10.0 2.2 3.0 129.0 0.87 1.079 0.613
65.83 28.43 4.65 0.0 8.0 5.01 29.0 269.0 375.0 65.0 4.56 0.238 0.03 43.5 0.0 0.318 0.545 8.925 3.08 0.833 9.0 8.52 0.0 87.0 1.242 1.953 0.677
64.31 32.38 2.01 0.0 6.0 7.27 33.0 307.0 312.0 118.0 5.09 0.272 0.034 49.6 0.0 0.41 0.621 10.164 3.508 0.949 10.0 2.4 3.0 91.0 0.654 0.859 0.408
65.9 29.45 2.67 0.0 4.0 4.2 28.0 210.0 372.0 54.0 1.68 0.213 0.022 12.9 0.0 0.26 0.73 0 0 0 9.0 0 0 126.0 0.97 0.63 0.58
57.92 34.85 6.96 0.0 22.0 10.0 29.0 292.0 403.0 59.0 2.27 0.189 0 43.1 3.0 0.05 0.31 2.2 0.93 0.47 11.0 8.3 0.0 117.0 2.07 1.89 1.35
61.7 30.66 6.32 0.0 24.0 3.05 0 250.0 459.0 82.0 6.4 0 0 13.1 9.0 0.03 0.11 4.89 0.58 0 18.0 2.55 0.0 58.0 2.68 2.68 0.2
65.08 30.18 4.96 0.0 5.0 3.52 28.0 257.0 382.0 41.0 3.79 0.21 0.011 41.0 0.0 0.165 0.365 6.475 1.448 0.657 19.0 1.81 0.0 85.0 1.957 1.79 0.215
63.87 28.3 4.38 0.0 16.0 1.12 27.0 134.0 396.0 60.0 3.01 0.056 0 13.0 0.0 0.31 0.14 4.21 0 0.418 6.0 0.7 0.0 77.0 1.3 1.71 0.64
68.81 26.83 1.8 0.0 15.0 2.12 33.0 220.0 313.0 56.0 2.54 0.178 0 12.0 0.0 0.03 0.25 6.29 0.17 0.46 9.0 1.75 0.0 61.0 0.6 0.55 0.36
62.43 29.77 4.42 0.0 22.0 6.17 27.0 233.0 310.0 60.0 5.26 0.263 0.087 13.6 3.0 0.25 0.9 5.79 2.68 0.32 5.0 6.64 0.0 109.0 1.7 1.33 0.62
65.23 30.21 3.19 0.0 7.0 4.47 24.0 226.0 335.0 54.0 2.75 0.3 0.046 12.9 0.0 0.18 0.6 6.71 0 0 0 0 0.0 112.0 1.25 0.88 0.62
64.23 26.45 8.22 0.0 14.0 3.35 24.0 228.0 364.0 78.0 5.2 0.1 0.013 10.3 0.0 0.503 0.327 9.257 0.76 0.468 8.0 2.32 0.0 98.0 3.993 1.939 0.444
66.28 30.19 1.9 0.0 5.0 3.63 24.0 180.0 328.0 61.0 3.16 0.142 0.013 13.0 0.0 0 0 0 0 0 9.0 0 0 73.0 0.7 0.48 0.4
64.14 26.64 8.74 0.0 10.0 3.34 24.0 221.0 354.0 85.0 6.56 0.142 0.011 9.0 0.0 0.125 0.32 5.32 1.05 0.42 8.0 2.57 0.0 78.0 4.002 2.757 0.412
68.21 27.1 3.03 0.0 17.0 3.73 0.0 201.0 405.0 86.0 5.27 0.303 0.042 11.8 0.0 0.09 0.61 3.95 0 0.0 5.0 1.19 0.0 75.0 0.93 1.36 0.23
63.98 28.14 6.05 0.0 8.0 5.03 25.0 247.0 379.0 55.0 3.82 0.171 0.022 13.5 2.0 0.1 0.12 4.84 0 0.33 0 3.16 0.0 68.0 1.9 2.12 0.85
67.83 29.27 0.97 0.0 6.0 4.22 24.0 176.0 334.0 69.0 3.68 0.079 0.009 12.8 5.0 0.05 0.34 5.26 0 0.37 4.0 6.31 0.0 78.0 0.29 0.2 0.31
55.58 30.09 11.74 0.0 36.0 7.1 26.0 271.0 320.0 95.0 2.27 0.189 0.032 14.8 7.0 0.08 0.71 7.19 0.93 0.47 11.0 8.3 0.0 121.0 0 0 0
60.61 29.06 8.05 0.0 19.0 2.27 21.0 263.0 383.0 47.0 2.27 0.189 0.032 38.5 0.0 0.09 0.21 8.43 0.93 0.47 11.0 8.3 0.0 82.0 2.4 2.17 1.56
62.07 30.77 4.69 0.0 3.0 6.81 28.0 211.0 352.0 119.0 1.78 0.148 0.032 15.1 0.0 0.06 0.29 4.64 0.93 0.37 9.0 6.51 0.0 121.0 0.54 1.786 1.683
51.95 25.16 21.92 0.0 13.0 2.83 22.0 270.0 329.0 70.0 2.62 0.264 0.023 21.8 0.0 0.077 0.323 4.168 1.53 0.37 2.0 0.41 21.0 91.0 6.87 10.25 2.52
57.23 28.97 12.67 0.0 14.0 2.87 25.0 309.0 388.0 76.0 3.17 0.276 0.024 25.5 0.0 0.092 0.39 4.081 1.834 0.47 12.0 0.49 12.0 96.0 4.56 4.34 1.54
60.91 27.54 12.04 0.0 3.0 2.01 23.0 191.0 279.0 69.0 3.53 0.12 0.005 6.3 0.0 0.143 0.514 6.646 0.766 0.429 0 2.25 2.0 106.0 5.223 4.668 0.764
63.87 28.6 8.35 0.0 2.0 2.04 23.0 196.0 287.0 70.0 3.67 0.125 0.005 6.4 0.0 0.149 0.54 6.88 0.79 0.441 0 2.45 2.0 107.0 3.224 3.231 0.546
61.99 25.54 11.78 0.0 14.0 2.38 25.0 228.0 342.0 65.0 4.95 0.165 0.015 13.5 0 0.13 0.4 5.527 0.949 0.44 0 3.1 0 85.0 5.32 4.755 0.526
64.85 26.75 7.68 0.0 13.0 2.48 26.0 237.0 354.0 66.0 5.21 0.173 0.015 14.2 0 0.135 0.42 5.725 0.99 0.46 0 3.19 0 85.0 3.111 3.129 0.39
60.82 25.25 13.69 0.0 10.0 2.01 23.0 203.0 313.0 67.0 4.49 0.138 0.013 10.6 0 0.127 0.39 5.418 0.926 0.429 0 3.04 0 83.0 6.341 5.554 0.563
65.3 27.18 7.27 0.0 8.0 2.13 25.0 213.0 329.0 69.0 4.86 0.147 0.014 11.5 0 0.135 0.42 5.725 0.99 0.46 0 3.19 0 83.0 2.918 3.021 0.348
59.95 25.75 13.83 0.0 14.0 2.34 25.0 224.0 336.0 64.0 4.83 0.162 0.015 10.1 0 0.128 0.391 5.433 0.929 0.43 0 3.05 0 85.0 6.414 5.567 0.595
64.08 27.63 7.8 0.0 13.0 2.48 26.0 237.0 354.0 66.0 5.21 0.173 0.015 10.8 0 0.135 0.42 5.725 0.99 0.46 0 3.19 0 85.0 3.159 3.177 0.396
56.2 24.88 19.38 0.0 15.0 2.06 23.0 199.0 297.0 78.0 4.24 0.173 0.016 11.7 0 0.124 0.376 5.281 0.898 0.415 0 2.98 0 102.0 9.245 7.658 0.771
62.18 27.75 10.65 0.0 13.0 2.24 25.0 214.0 318.0 83.0 4.76 0.194 0.017 13.0 0 0.135 0.42 5.725 0.99 0.46 0 3.19 0 105.0 4.508 4.182 0.482
54.95 30.15 11.64 0.08 4.0 2.41 24.0 203.0 291.0 77.0 3.9 0.136 0.004 8.4 0.0 0.14 0.524 6.783 0.749 0.391 0 2.52 2.0 113.0 5.483 4.926 0.878
58.24 32.08 9.59 0.0 4.0 2.55 25.0 215.0 308.0 80.0 4.15 0.146 0.004 8.8 0.0 0.149 0.56 7.19 0.79 0.413 0 2.75 2.0 117.0 4.359 4.17 0.77
59.65 25.16 15.13 0.0 11.0 2.03 23.0 202.0 309.0 70.0 4.43 0.147 0.014 5.7 0 0.126 0.386 5.383 0.919 0.425 0 3.03 0 88.0 7.091 6.087 0.615
64.54 27.31 8.1 0.0 9.0 2.15 25.0 214.0 326.0 72.0 4.83 0.158 0.014 5.9 0 0.135 0.42 5.725 0.99 0.46 0 3.19 0 89.0 3.297 3.304 0.38
62.0 25.49 12.25 0.0 21.0 2.12 25.0 214.0 331.0 78.0 3.36 0.15 0.013 9.6 0 0.173 0.322 7.831 0.813 0.493 0 2.0 0 82.0 5.572 4.888 0.486
64.45 26.53 8.75 0.0 21.0 2.18 26.0 220.0 340.0 80.0 3.48 0.156 0.014 10.3 0 0.18 0.333 8.15 0.84 0.514 0 2.01 0 81.0 3.687 3.499 0.367
62.38 30.87 7.02 0.0 2.0 2.52 24.0 170.0 231.0 61.0 2.42 0.137 0.007 9.7 0.0 0.192 0.568 9.544 1.215 0.769 0 2.65 2.0 110.0 2.251 2.077 0.546
62.62 30.97 6.71 0.0 2.0 2.52 24.0 170.0 231.0 61.0 2.42 0.137 0.007 9.8 0.0 0.193 0.57 9.58 1.22 0.772 0 2.67 2.0 111.0 2.084 1.953 0.529
55.09 24.75 19.65 0.0 22.0 1.79 24.0 201.0 339.0 81.0 4.67 0.128 0.024 27.7 0.0 0.1 0.25 6.7 0.66 0.14 19.0 2.61 0.0 97.0 8.12 8.32 1.4
60.66 26.41 12.45 0.0 10.0 1.98 25.0 198.0 326.0 65.0 4.66 0.117 0.025 29.4 0.0 0.1 0.27 6.55 0.7 0.16 22.0 2.67 0.0 90.0 5.09 5.29 0.88
61.43 26.73 11.4 0.0 9.0 1.99 25.0 200.0 329.0 65.0 4.72 0.118 0.026 29.7 0.0 0.1 0.27 6.52 0.7 0.16 23.0 2.68 0.0 90.0 4.6 4.86 0.8
64.92 28.17 6.67 0.0 8.0 2.06 26.0 208.0 342.0 66.0 5.02 0.121 0.028 31.7 0.0 0.11 0.28 6.39 0.71 0.17 24.0 2.71 0.0 87.0 2.38 2.92 0.44
54.13 24.63 20.67 0.0 11.0 2.0 22.0 183.0 301.0 68.0 4.13 0.112 0.022 25.5 0.0 0.11 0.28 6.62 0.67 0.14 17.0 2.53 0.0 97.0 8.74 8.71 1.49
54.85 24.95 19.67 0.0 11.0 2.01 23.0 185.0 304.0 68.0 4.2 0.113 0.023 25.8 0.0 0.11 0.28 6.59 0.67 0.14 17.0 2.54 0.0 96.0 8.26 8.3 1.42
62.49 28.35 9.17 0.0 8.0 2.2 25.0 203.0 333.0 71.0 4.85 0.119 0.028 30.8 0.0 0.12 0.31 6.27 0.7 0.17 21.0 2.58 0.0 92.0 3.28 4.02 0.6
57.48 25.55 16.48 0.0 11.0 1.98 24.0 191.0 313.0 66.0 4.4 0.115 0.024 27.2 0.0 0.1 0.27 6.59 0.68 0.15 20.0 2.59 0.0 93.0 6.89 6.96 1.18
58.99 26.2 14.42 0.0 10.0 2.02 24.0 194.0 319.0 67.0 4.53 0.116 0.025 27.8 0.0 0.11 0.28 6.53 0.69 0.15 20.0 2.6 0.0 92.0 5.92 6.12 1.02
63.89 28.3 7.74 0.0 8.0 2.12 26.0 206.0 338.0 68.0 4.94 0.12 0.028 30.1 0.0 0.11 0.29 6.34 0.71 0.17 23.0 2.64 0.0 89.0 2.76 3.39 0.51
51.57 25.17 23.08 0.0 20.0 1.81 24.0 196.0 327.0 77.0 3.48 0.13 0.022 27.4 0.0 0.1 0.25 7.1 0.64 0.13 18.0 2.47 0.0 100.0 9.83 9.7 1.68
52.5 22.55 23.59 0.0 18.0 2.12 23.0 180.0 246.0 64.0 3.41 0.119 0.02 24.6 0.0 0.1 0.24 7.1 0.65 0.11 19.0 2.21 0.0 95.0 10.24 9.68 1.87
53.31 26.06 20.61 0.0 20.0 1.84 25.0 201.0 336.0 78.0 3.6 0.133 0.023 28.2 0.0 0.11 0.26 7.06 0.64 0.13 19.0 2.48 0.0 99.0 8.65 8.69 1.48
54.33 23.27 21.12 0.0 18.0 2.17 24.0 185.0 250.0 64.0 3.52 0.122 0.021 25.2 0.0 0.1 0.24 7.05 0.66 0.13 20.0 2.2 0.0 93.0 9.08 8.65 1.69
60.98 29.99 9.73 0.0 19.0 2.0 28.0 226.0 376.0 84.0 4.13 0.145 0.028 32.8 0.0 0.11 0.28 6.85 0.66 0.16 24.0 2.52 0.0 95.0 3.48 4.26 0.64
62.76 26.59 9.76 0.0 17.0 2.44 27.0 206.0 267.0 66.0 4.06 0.132 0.026 30.3 0.0 0.1 0.27 6.83 0.68 0.16 25.0 2.16 0.0 87.0 3.72 3.95 0.86
70.59 23.69 5.27 0.0 4.0 1.73 25.0 205.0 339.0 61.0 3.24 0.158 0.013 6.0 0.0 0.138 0.188 3.571 0.87 0.175 0 2.06 5.0 74.0 1.769 1.295 0.344
59.01 25.34 13.95 0.0 9.0 2.13 20.0 221.0 170.0 44.0 3.67 0.105 0.024 4.1 0.0 0.12 0.46 7.57 0.55 0.13 1.0 2.61 0.0 101.0 6.75 5.4 0.68
58.22 21.13 20.98 0.1 7.0 1.44 21.0 179.0 306.0 69.0 2.61 0.113 0.009 3.6 0.0 0.116 0.187 5.334 0.436 0.173 0 1.42 16.0 76.0 8.762 5.721 0.805
68.3 25.53 6.7 0.0 8.0 1.6 24.0 205.0 345.0 76.0 3.01 0.137 0.01 4.0 0.0 0.119 0.221 6.436 0.514 0.206 0 1.63 5.0 78.0 2.514 1.754 0.378
66.64 28.96 4.57 0.0 6.0 2.05 28.0 234.0 355.0 57.0 2.69 0.167 0.01 5.5 0.0 0.062 0.187 7.126 0.784 0.205 0 1.39 1.0 86.0 1.614 1.255 0.352
66.69 28.99 4.49 0.0 6.0 2.05 28.0 234.0 355.0 57.0 2.7 0.167 0.01 5.5 0.0 0.062 0.187 7.133 0.785 0.205 0 1.39 1.0 86.0 1.581 1.233 0.35
56.45 21.45 22.33 0.05 7.0 1.33 21.0 178.0 305.0 61.0 4.28 0.101 0.009 4.2 0.0 0.116 0.167 3.739 0.673 0.107 0 1.94 14.0 78.0 8.431 5.677 0.851
64.22 25.14 10.91 0.0 7.0 1.38 23.0 197.0 337.0 65.0 5.0 0.118 0.01 4.7 0.0 0.116 0.188 4.279 0.798 0.118 0 2.27 6.0 79.0 3.262 2.324 0.503
64.76 23.56 11.2 0.01 11.0 1.74 23.0 195.0 323.0 67.0 2.52 0.122 0.009 4.3 0.0 0.06 0.204 6.037 0.618 0.28 0 1.28 5.0 72.0 4.41 3.194 0.516
66.7 24.39 8.38 0.0 11.0 1.76 24.0 200.0 330.0 67.0 2.56 0.126 0.009 4.4 0.0 0.057 0.21 6.267 0.64 0.291 0 1.31 3.0 72.0 3.196 2.399 0.43
59.66 22.06 18.29 0.04 20.0 1.57 22.0 195.0 304.0 69.0 2.69 0.108 0.01 4.0 0.0 0.067 0.186 6.019 0.366 0.156 0.0 1.17 10.0 76.0 7.066 4.787 0.734
64.96 24.43 10.63 0.0 22.0 1.65 24.0 209.0 323.0 72.0 2.89 0.12 0.01 4.3 0.0 0.06 0.202 6.705 0.394 0.17 0.0 1.24 4.0 76.0 3.664 2.601 0.503
55.93 20.88 23.39 0.03 12.0 1.41 20.0 176.0 299.0 72.0 3.87 0.095 0.008 5.7 0.0 0.072 0.198 3.618 0.399 0.159 0 2.18 11.0 72.0 9.332 6.446 0.881
64.96 25.08 10.13 0.0 14.0 1.47 22.0 197.0 334.0 80.0 4.59 0.114 0.009 6.8 0.0 0.056 0.231 4.238 0.463 0.189 0 2.65 1.0 71.0 3.503 2.646 0.47
63.79 23.41 12.68 0.03 4.0 1.64 24.0 201.0 349.0 61.0 3.45 0.143 0.012 4.4 0.0 0.107 0.23 5.457 0.758 0.253 0 1.49 7.0 79.0 4.788 3.574 0.591
68.14 25.29 6.44 0.0 4.0 1.71 26.0 213.0 369.0 62.0 3.69 0.155 0.013 4.6 0.0 0.107 0.248 5.892 0.823 0.275 0 1.58 2.0 79.0 2.035 1.841 0.406
47.06 22.13 29.59 0.0 19.0 1.88 23.0 178.0 270.0 76.0 4.0 0.121 0.02 23.9 0.0 0.09 0.22 7.0 0.61 0.11 14.0 2.54 0.0 99.0 12.7 12.12 2.37
47.89 21.12 29.82 0.0 22.0 1.6 20.0 166.0 271.0 73.0 3.49 0.115 0.019 21.8 0.0 0.09 0.21 6.75 0.63 0.11 15.0 2.23 0.0 97.0 12.77 12.52 2.17
49.03 23.06 26.82 0.0 18.0 1.93 24.0 184.0 277.0 77.0 4.21 0.124 0.021 24.7 0.0 0.09 0.23 6.92 0.61 0.11 15.0 2.56 0.0 98.0 11.36 10.97 2.17
49.59 21.82 27.53 0.0 22.0 1.62 20.0 170.0 277.0 74.0 3.62 0.117 0.021 22.3 0.0 0.09 0.21 6.67 0.64 0.12 16.0 2.22 0.0 96.0 11.66 11.59 1.99
58.83 27.74 12.95 0.0 16.0 2.21 29.0 213.0 313.0 85.0 5.27 0.139 0.029 31.0 0.0 0.1 0.25 6.55 0.63 0.15 21.0 2.64 0.0 91.0 4.65 5.21 1.18
60.13 26.16 13.31 0.0 21.0 1.77 23.0 195.0 315.0 81.0 4.47 0.129 0.028 26.9 0.0 0.09 0.23 6.16 0.66 0.15 22.0 2.16 0.0 88.0 4.76 5.83 0.87
54.69 24.44 19.55 0.0 18.0 2.09 26.0 197.0 309.0 77.0 4.89 0.133 0.023 27.6 0.0 0.1 0.27 7.02 0.68 0.12 18.0 2.86 0.0 96.0 8.37 8.01 1.57
55.92 22.53 20.24 0.0 18.0 2.03 23.0 183.0 259.0 65.0 4.48 0.113 0.021 25.4 0.0 0.09 0.25 6.66 0.71 0.12 20.0 2.55 0.0 92.0 8.74 8.3 1.61
57.07 22.93 18.75 0.0 17.0 2.05 23.0 185.0 262.0 65.0 4.58 0.114 0.022 25.8 0.0 0.09 0.25 6.62 0.71 0.13 21.0 2.56 0.0 91.0 8.04 7.68 1.5
55.77 24.91 18.05 0.0 18.0 2.12 27.0 200.0 314.0 78.0 5.01 0.135 0.024 28.1 0.0 0.1 0.27 6.99 0.68 0.12 19.0 2.88 0.0 96.0 7.66 7.38 1.46
62.28 27.71 9.02 0.0 17.0 2.31 30.0 219.0 340.0 82.0 5.73 0.145 0.028 31.5 0.0 0.1 0.29 6.81 0.71 0.14 23.0 3.0 0.0 92.0 3.42 3.65 0.8
64.32 25.46 9.26 0.0 16.0 2.23 26.0 202.0 277.0 67.0 5.25 0.12 0.026 29.1 0.0 0.1 0.27 6.34 0.74 0.14 25.0 2.61 0.0 86.0 3.59 3.76 0.8
55.92 23.08 19.94 0.0 24.0 1.72 24.0 198.0 336.0 82.0 5.62 0.122 0.024 27.4 0.0 0.09 0.25 6.38 0.67 0.15 18.0 2.73 0.0 95.0 8.18 8.46 1.42
55.85 22.25 20.61 0.0 21.0 1.92 22.0 183.0 246.0 66.0 5.58 0.106 0.022 25.2 0.0 0.09 0.23 5.91 0.69 0.11 21.0 2.67 0.0 92.0 8.64 8.42 1.68
57.01 23.48 18.5 0.0 24.0 1.73 24.0 201.0 341.0 83.0 5.77 0.123 0.024 27.8 0.0 0.09 0.25 6.33 0.67 0.15 18.0 2.74 0.0 95.0 7.49 7.88 1.3
56.95 22.62 19.19 0.0 21.0 1.95 23.0 185.0 248.0 67.0 5.72 0.107 0.022 25.6 0.0 0.09 0.24 5.84 0.7 0.13 21.0 2.68 0.0 92.0 7.96 7.83 1.58
62.46 25.48 11.32 0.0 24.0 1.81 26.0 216.0 368.0 88.0 6.48 0.129 0.028 30.9 0.0 0.1 0.26 6.07 0.69 0.17 21.0 2.81 0.0 91.0 4.04 4.96 0.74
62.82 24.61 11.57 0.0 21.0 2.07 25.0 199.0 258.0 68.0 6.48 0.11 0.026 28.1 0.0 0.09 0.25 5.47 0.72 0.15 25.0 2.74 0.0 87.0 4.34 4.68 1.03
55.03 24.42 19.26 0.0 21.0 2.03 26.0 198.0 301.0 78.0 5.72 0.128 0.024 27.4 0.0 0.09 0.26 6.45 0.67 0.12 19.0 2.97 0.0 97.0 8.04 7.87 1.58
56.26 22.51 19.97 0.0 20.0 1.97 23.0 184.0 251.0 66.0 5.23 0.108 0.022 26.2 0.0 0.09 0.24 6.15 0.7 0.13 21.0 2.64 0.0 92.0 8.44 8.17 1.62
56.7 23.84 18.39 0.0 23.0 1.83 25.0 201.0 335.0 82.0 5.58 0.126 0.024 26.5 0.0 0.1 0.26 6.49 0.68 0.14 18.0 2.78 0.0 95.0 7.53 7.75 1.34
56.98 22.7 19.08 0.0 20.0 1.97 23.0 185.0 251.0 66.0 5.44 0.108 0.022 26.4 0.0 0.09 0.24 6.04 0.7 0.13 21.0 2.65 0.0 91.0 7.98 7.79 1.56
61.38 27.12 10.5 0.0 21.0 2.19 29.0 217.0 324.0 83.0 6.6 0.137 0.028 31.3 0.0 0.1 0.28 6.15 0.69 0.14 23.0 3.11 0.0 93.0 3.88 4.24 0.94
63.32 24.94 10.77 0.0 19.0 2.13 25.0 200.0 265.0 68.0 6.04 0.113 0.026 28.5 0.0 0.09 0.26 5.76 0.73 0.15 25.0 2.7 0.0 87.0 4.08 4.36 0.95
40.2 4.48 1.19 52.36 19.0 1.5 90.0 102.0 477.0 4.0 0.93 0.387 1.708 0 38.4 0.15 0.09 1.5 0.592 0.437 72.0 0.0 0.0 0.0 0.175 0.62 0.307
49.9 2.97 0.8 45.13 35.0 2.1 64.0 93.0 427.0 19.0 1.43 0.73 2.065 0 28.0 0.45 0 0.7 0.466 0.418 59.0 0.0 4.0 0.0 0.118 0.419 0.207
1.81 24.35 49.66 21.26 58.0 1.58 178.0 363.0 634.0 6.0 2.77 0.428 1.786 9.3 0.0 0.152 0.197 14.355 1.011 0.466 97.0 0.0 0.0 0.0 7.723 26.181 9.773
49.7 6.2 2.7 40.1 86.0 0.9 62.0 175.0 1082.0 28.0 1.03 1.321 0.163 0 7.6 0.41 0.24 7.4 1.009 0.42 59.0 0.0 15.0 0.0 0.729 0.344 1.438
66.76 24.38 7.56 0.0 17.0 0.99 24.0 217.0 337.0 83.0 3.87 0.103 0.035 13.7 0.0 0.07 0.27 8.03 1.16 0.39 11.0 1.27 0.0 103.0 3.04 2.84 0.55
66.1 27.7 4.65 0.0 6.0 0.91 28.0 234.0 389.0 68.0 3.04 0.129 0.03 11.2 0.0 0.06 0.32 9.93 0.99 0.31 16.0 1.17 0.0 103.0 1.84 1.73 0.35
67.01 28.07 3.39 0.0 6.0 0.9 28.0 236.0 393.0 68.0 3.08 0.13 0.031 11.9 0.0 0.06 0.33 10.08 1.0 0.31 16.0 1.18 0.0 103.0 1.22 1.19 0.29
65.32 31.89 2.63 0.0 6.0 1.39 38.0 277.0 323.0 88.0 3.29 0.112 0.017 21.6 0.0 0.093 0.47 10.1 0.65 0.761 8.0 2.72 0.0 72.0 1.012 1.274 0.127
60.73 24.8 12.32 0.0 19.0 0.87 25.0 212.0 325.0 93.0 3.03 0.11 0.029 11.0 0.0 0.05 0.28 8.86 1.2 0.34 15.0 1.24 0.0 103.0 5.26 4.78 0.81
64.59 26.32 6.94 0.0 21.0 0.85 26.0 222.0 340.0 96.0 3.24 0.117 0.03 11.6 0.0 0.06 0.3 9.46 1.27 0.37 16.0 1.31 0.0 106.0 2.58 2.49 0.57
59.91 23.96 13.96 0.0 11.0 0.97 22.0 197.0 295.0 92.0 4.09 0.099 0.03 10.5 0.0 0.05 0.27 6.98 1.28 0.25 13.0 1.46 0.0 110.0 5.41 5.44 0.95
64.64 25.76 7.44 0.0 12.0 0.96 24.0 207.0 311.0 97.0 4.49 0.106 0.032 11.1 0.0 0.06 0.29 7.5 1.38 0.27 14.0 1.58 0.0 115.0 2.08 2.66 0.67
64.68 25.46 8.25 0.0 26.0 1.15 26.0 221.0 348.0 90.0 4.18 0.141 0.03 11.1 0.0 0.06 0.32 8.02 1.16 0.29 17.0 1.53 0.0 108.0 3.51 3.2 0.54
66.47 26.13 5.81 0.0 27.0 1.16 27.0 226.0 356.0 91.0 4.32 0.146 0.03 11.3 0.0 0.07 0.33 8.24 1.19 0.3 17.0 1.57 0.0 109.0 2.31 2.16 0.43
62.96 25.72 10.57 0.15 24.0 1.59 33.0 242.0 235.0 111.0 4.71 0.142 0.013 17.4 0.0 0.103 0.445 4.94 1.097 0.41 6.0 3.44 0.0 78.0 3.715 4.778 0.556
66.44 27.33 5.53 0.0 21.0 1.65 34.0 253.0 245.0 113.0 5.07 0.15 0.009 18.4 0.0 0.11 0.48 5.14 1.18 0.435 7.0 3.66 0.0 77.0 2.092 2.677 0.315
65.54 25.15 8.67 0.0 28.0 1.0 24.0 212.0 306.0 100.0 5.58 0.138 0.03 10.6 0.0 0.07 0.35 5.73 1.38 0.24 11.0 2.01 0.0 117.0 3.46 3.24 0.64
66.9 25.64 6.88 0.0 28.0 1.0 24.0 215.0 310.0 102.0 5.72 0.141 0.03 10.7 0.0 0.07 0.36 5.82 1.41 0.24 11.0 2.06 0.0 119.0 2.57 2.47 0.56
65.31 25.32 8.42 0.0 27.0 1.03 25.0 215.0 322.0 96.0 5.12 0.139 0.03 10.7 0.0 0.07 0.34 6.33 1.3 0.26 12.0 1.82 0.0 113.0 3.4 3.16 0.61
66.66 25.81 6.62 0.0 27.0 1.03 25.0 218.0 327.0 97.0 5.25 0.142 0.03 10.9 0.0 0.07 0.34 6.44 1.32 0.26 13.0 1.86 0.0 114.0 2.5 2.4 0.53
62.66 25.14 10.45 0.0 13.0 0.92 26.0 223.0 351.0 83.0 3.35 0.129 0.029 11.1 0.0 0.06 0.35 8.87 1.26 0.32 15.0 1.42 0.0 102.0 4.51 4.08 0.68
65.74 26.32 6.22 0.0 14.0 0.91 27.0 231.0 365.0 85.0 3.54 0.136 0.03 11.5 0.0 0.06 0.37 9.33 1.32 0.34 16.0 1.49 0.0 104.0 2.41 2.28 0.48
