95.22 1.14 0.36 2.69 18.0 0.37 19.0 37.0 264.0 3.0 0.33 0.052 0.173 0.2 12.9 0.035 0.024 0.51 0.288 0.08 28.0 0.0 56.0 0.0 0.072 0.029 0.151
89.22 1.89 0.28 7.88 44.0 0.65 18.0 29.0 146.0 1.0 0.25 0.057 0.285 0.2 9.7 0.074 0.097 0.614 0.074 0.056 33.0 0.0 32.0 0.0 0.064 0.011 0.145
95.24 1.5 0.17 2.41 32.0 0.3 10.0 39.0 225.0 9.0 0.18 0.029 0.153 0.4 15.8 0.044 0.044 0.5 0.08 0.177 53.0 0.0 48.0 0.0 0.036 0.02 0.061
90.17 0.76 0.18 8.22 30.0 0.34 10.0 30.0 235.0 58.0 0.2 0.017 0.155 0.7 3.6 0.066 0.044 0.645 0.232 0.153 14.0 0.0 852.0 0.0 0.03 0.006 0.089
89.25 2.38 0.41 7.18 40.0 0.67 21.0 67.0 293.0 41.0 0.45 0.061 0.194 1.6 64.9 0.063 0.123 0.553 0.616 0.2 108.0 0.0 77.0 0.0 0.079 0.04 0.17
91.21 2.97 0.26 3.75 136.0 3.57 87.0 56.0 466.0 70.0 0.76 0.174 0.935 1.5 9.8 0.095 0.236 0.49 0.145 0.242 146.0 0.0 524.0 0.0 0.043 0.006 0.109
92.57 1.27 0.06 5.51 48.0 0.17 15.0 33.0 196.0 8.0 0.2 0.017 0.205 0.6 37.5 0.061 0.038 0.248 0.174 0.112 30.0 0.0 4.0 0.0 0.0 0.019 0.023
92.65 1.88 0.08 4.13 58.0 2.26 86.0 33.0 549.0 179.0 0.33 0.163 0.334 0.9 18.0 0.034 0.086 0.36 0.163 0.085 9.0 0.0 306.0 0.0 0.012 0.016 0.028
65.4 0.99 0.29 32.0 460.0 3.55 39.0 9.0 59.0 13.0 0.25 0.112 0.142 0.2 0.3 0.012 0.099 0.162 0.041 0.087 3.0 0.0 6.0 0.0 0 0 0
91.49 2.11 0.18 4.11 209.0 2.26 55.0 72.0 641.0 21.0 0.88 0.158 0.861 0.9 41.1 0.02 0.134 0.559 0.062 0.177 57.0 0.0 139.0 0.0 0.05 0.041 0.08
85.47 0.26 0.36 13.64 5.0 0.19 3.0 8.0 88.0 1.0 0.04 0.035 0.118 0.3 0.2 0.016 0.012 0.095 0.046 0.044 1.0 0.0 2.0 0.0 0.058 0.014 0.104
77.08 4.49 0.1 16.14 7.0 1.21 49.0 197.0 881.0 18.0 0.22 0.135 0.285 0.6 0.3 0.144 0.06 1.16 0.449 0.206 9.0 0.0 0.0 0.0 0 0 0
84.08 2.89 0.34 11.95 21.0 0.61 42.0 73.0 286.0 60.0 0.4 0.127 0.225 0.2 7.4 0.05 0.089 1.11 0.24 0.081 89.0 0.0 1.0 0.0 0.079 0.011 0.145
92.63 2.4 0.22 4.11 23.0 0.91 14.0 54.0 224.0 14.0 0.6 0.165 0.154 6.1 7.7 0.162 0.139 1.084 0.225 0.079 149.0 0.0 50.0 0.0 0.048 0.0 0.105
88.69 3.6 0.2 6.68 42.0 1.02 94.0 77.0 602.0 13.0 0.3 0.201 0.536 0.9 55.6 0.147 0.282 0.995 0.06 0.76 88.0 0.0 121.0 0.0 0.032 0.005 0.083
93.95 0.84 0.18 4.32 9.0 0.38 16.0 36.0 319.0 6.0 0.77 0.033 0.086 0.2 33.0 0.051 0.053 0.28 0.193 0.041 51.0 0.0 6.0 0.0 0.014 0.033 0.078
95.92 1.53 0.22 1.92 12.0 0.24 3.0 20.0 533.0 4.0 0.47 0.082 0.113 0.4 0.0 0.02 0.05 0.3 0.066 0.098 2.0 0.0 0.0 0.0 0.051 0.005 0.098
68.8 2.26 0.44 28.22 11.0 1.33 22.0 54.0 93.0 3.0 0.82 0.105 0.259 8.6 0.0 0.083 0.062 2.063 0.135 0.115 16.0 0.0 0.0 0.0 0.093 0.057 0.214
66.29 7.52 0.1 24.77 28.0 2.0 52.0 168.0 532.0 8.0 1.77 0.298 0.573 1.2 0.0 0.115 0.064 0.717 0.43 0.096 121.0 0.0 0.0 0.0 0.036 0.009 0.021
65.74 8.18 0.35 24.35 55.0 2.85 49.0 152.0 433.0 3.0 0.76 0.269 0.327 1.2 0.0 0.225 0.056 0.527 0.26 0.077 86.0 0.0 0.0 0.0 0.089 0.03 0.149
65.74 8.86 0.54 23.71 27.0 2.1 70.0 140.0 355.0 1.0 1.12 0.209 0.444 1.2 0.0 0.244 0.059 0.505 0.242 0.069 149.0 0.0 0.0 0.0 0.139 0.047 0.231
64.65 9.34 0.46 24.46 50.0 2.09 50.0 135.0 387.0 1.0 1.14 0.231 0.37 1.3 0.0 0.21 0.069 0.515 0.24 0.081 207.0 0.0 0 0.0 0.119 0.04 0.199
66.57 7.05 0.76 24.02 63.0 1.08 56.0 102.0 370.0 6.0 0.64 0.115 0.382 1.2 1.2 0.13 0.062 0.546 0.222 0.105 75.0 0.0 0.0 0.0 0.083 0.052 0.453
69.0 8.33 0.45 21.09 68.0 2.13 50.0 165.0 391.0 2.0 0.88 0.247 0.518 4.1 1.3 0.158 0.059 0.681 0.266 0.117 102.0 0.0 0.0 0.0 0.14 0.021 0.187
66.94 8.67 0.5 22.8 35.0 2.22 42.0 138.0 405.0 1.0 1.0 0.216 0.43 1.1 1.2 0.16 0.058 0.578 0.22 0.12 130.0 0.0 0.0 0.0 0.073 0.039 0.278
66.93 9.13 0.09 22.41 66.0 2.98 48.0 137.0 419.0 4.0 0.86 0.289 0.318 1.2 1.2 0.129 0.062 0.54 0.219 0.104 74.0 0.0 0.0 0.0 0.014 0.007 0.052
89.3 4.83 0.58 4.72 19.0 0.89 23.0 38.0 194.0 7.0 0.44 0.174 0.199 0.6 35.6 0.362 0.273 3.024 0.381 0.093 47.0 0.0 0.0 0.0 0.083 0.045 0.318
66.94 8.67 0.5 22.8 28.0 2.94 45.0 142.0 403.0 2.0 1.07 0.242 0.477 1.2 1.2 0.16 0.058 0.578 0.22 0.12 130.0 0.0 0.0 0.0 0.072 0.039 0.275
66.99 9.49 0.17 21.85 44.0 2.77 42.0 142.0 378.0 5.0 0.9 0.262 0.255 1.2 1.2 0.095 0.067 0.552 0.219 0.104 74.0 0.0 0.0 0.0 0.024 0.013 0.093
63.81 8.23 0.62 26.05 69.0 2.36 53.0 144.0 389.0 0.0 1.03 0.21 0.527 2.9 0.9 0.237 0.066 0.649 0.266 0.138 140.0 0.0 0.0 0 0.098 0.142 0.49
76.02 7.07 0.81 15.01 16.0 2.11 111.0 103.0 317.0 14.0 0.97 0.389 0.446 0.6 17.3 0.381 0.235 1.263 0.854 0.198 106.0 0.0 0.0 0.0 0.098 0.06 0.468
61.2 9.06 0.49 27.91 52.0 2.3 65.0 165.0 508.0 2.0 0.96 0.271 0.548 1.4 0.0 0.257 0.063 0.57 0.299 0.175 168.0 0.0 0.0 0.0 0.126 0.042 0.21
62.95 9.01 0.65 26.22 46.0 2.09 50.0 147.0 436.0 1.0 0.98 0.219 0.453 6.2 0.8 0.193 0.062 0.318 0.21 0.229 172.0 0.0 0.0 0.0 0.136 0.133 0.235
93.39 1.86 0.32 4.1 15.0 0.66 18.0 30.0 98.0 51.0 0.17 0.107 0.123 0.6 6.1 0.067 0.059 0.725 0.235 0.054 29.0 0.0 0.0 0.0 0.039 0.024 0.185
63.24 8.97 0.64 25.81 73.0 2.84 68.0 169.0 463.0 2.0 1.09 0.149 0.51 1.3 0.0 0.236 0.059 0.272 0.251 0.127 137.0 0.0 0.0 0.0 0.166 0.056 0.276
89.22 1.89 0.28 7.88 46.0 1.28 25.0 39.0 299.0 3.0 0.36 0.103 0.294 0.4 9.7 0.074 0.097 0.614 0.074 0.056 33.0 0.0 4.0 0.0 0.064 0.011 0.145
63.08 9.73 0.35 25.09 90.0 3.7 63.0 113.0 561.0 6.0 1.38 0.287 0.636 1.3 0.0 0.118 0.046 0.14 0.229 0.093 81.0 0.0 0.0 0.0 0.091 0.031 0.152
62.98 9.16 1.08 25.28 62.0 2.48 74.0 183.0 325.0 5.0 1.06 0.186 0.455 1.3 1.8 0.187 0.103 0.708 0.229 0.129 81.0 0.0 0.0 0.0 0.279 0.094 0.466
89.13 2.57 0.2 5.46 114.0 1.9 68.0 41.0 909.0 241.0 0.5 0.251 0.514 0.9 24.9 0.117 0.289 0.499 0.329 0.132 14.0 0.0 383.0 0.0 0.031 0.038 0.07
87.06 1.68 0.18 9.96 16.0 0.79 23.0 38.0 305.0 77.0 0.35 0.074 0.326 0.7 3.6 0.027 0.04 0.331 0.145 0.067 80.0 0.0 2.0 0.0 0.028 0.035 0.064
91.88 2.09 0.81 3.55 102.0 3.64 57.0 55.0 491.0 88.0 0.22 0.143 0.385 0.9 32.5 0.059 0.165 0.94 0.045 0.088 10.0 0.0 219.0 0.0 0.197 0.245 0.127
71.54 7.6 0.4 19.65 36.0 1.5 43.0 125.0 268.0 5.0 1.01 0.259 0.421 2.6 0.3 0.097 0.089 0.711 0.157 0.072 104.0 0.0 1.0 0.0 0.066 0.079 0.164
83.7 4.8 0.5 10.1 18.0 1.5 31.0 73.0 193.0 41.0 0.47 0.06 0.261 1.0 19.8 0.128 0.09 1.2 0.066 0.029 58.0 0.0 14.0 0.0 0.142 0.02 0.303
91.41 3.83 0.52 3.12 118.0 1.27 27.0 82.0 343.0 56.0 0.54 0.075 0.38 1.3 37.0 0.169 0.14 2.015 0.448 0.22 71.0 0.0 227.0 0.0 0.089 0.046 0.232
93.54 1.14 0.72 3.81 100.0 0.56 18.0 41.0 261.0 7.0 0.39 0.061 0.264 1.3 28.2 0.095 0.146 0.437 0.159 0.07 99.0 0.0 82.0 0.0 0.11 0.05 0.33
88.9 2.55 0.5 7.1 36.0 1.2 20.0 56.0 317.0 21.0 0.33 0.083 0.227 1.5 62.0 0.107 0.08 0.607 0.252 0.178 60.0 0.0 39.0 0.0 0.102 0.038 0.255
75.64 2.09 0.14 21.15 49.0 0.77 39.0 93.0 360.0 4.0 0.38 0.089 0.27 0.9 2.6 0.039 0.058 0.32 0.353 0.279 20.0 0.0 0.0 0.0 0.023 0.035 0.055
96.7 0.23 0.02 2.16 59.0 0.1 8.0 7.0 354.0 4.0 0.09 0.059 0.156 0.9 18.9 0.01 0.01 0.1 0.018 0.052 4.0 0.0 1.0 0.0 0 0 0
95.55 1.56 0.16 1.78 93.0 1.04 11.0 29.0 371.0 34.0 0.17 0.019 0.144 0.4 26.0 0.032 0.063 0.428 0.079 0.166 41.0 0.0 212.0 0.0 0.021 0.012 0.077
90.84 1.51 0.09 6.94 42.0 0.66 17.0 33.0 262.0 28.0 0.25 0.054 0.223 2.3 34.4 0.071 0.06 0.382 0.154 0.225 24.0 0.0 2.0 0.0 0.011 0.007 0.043
92.0 1.8 0.09 5.41 30.0 0.38 24.0 33.0 184.0 24.0 0.23 0.052 0.152 0.7 17.0 0.051 0.02 0.024 0.159 0.152 46.0 0.0 44.0 0.0 0.012 0.007 0.043
93.46 0.76 0.11 5.33 72.0 0.73 43.0 23.0 392.0 176.0 0.18 0 0.133 1.0 1.7 0.018 0.031 0.294 0.097 0.042 22.0 0.0 6.0 0.0 0.012 0.02 0.044
93.0 1.84 0.45 4.11 16.0 0.32 9.0 32.0 142.0 15.0 0.17 0.018 0.132 0.6 44.3 0.042 0.052 0.41 0.508 0.173 44.0 0.0 1.0 0.0 0.07 0.032 0.217
89.47 3.04 0.31 6.28 32.0 0.72 19.0 57.0 278.0 23.0 0.63 0.04 0.242 0.8 72.6 0.07 0.1 0.681 0.681 0.206 41.0 0.0 7.0 0.0 0.043 0.03 0.137
92.3 0.96 0.19 5.9 26.0 0.43 12.0 66.0 173.0 61.0 0.2 0.043 0.096 0.4 3.6 0.027 0.037 0.427 0.203 0.101 3.0 0.0 0.0 0.0 0 0 0
94.11 0.83 0.16 4.0 42.0 0.42 12.0 25.0 284.0 91.0 0.14 0.036 0.106 1.0 6.1 0.023 0.07 0.372 0.317 0.086 33.0 0.0 26.0 0.0 0.04 0.03 0.075
93.43 0.62 0.48 5.09 13.0 0.22 12.0 29.0 173.0 1.0 0.31 0.11 0.169 0.3 8.0 0.026 0.04 0.42 0.408 0.118 18.0 0.0 0.0 0.0 0.0 0.0 0.0
60.21 8.86 2.59 27.42 49.0 2.89 48.0 168.0 291.0 7.0 1.53 0.352 1.03 3.7 1.3 0.116 0.063 0.526 0.286 0.139 172.0 0.0 1.0 0.0 0.269 0.583 1.156
90.18 2.71 0.72 5.65 141.0 1.13 21.0 32.0 117.0 15.0 0.23 0.051 0.51 0.5 18.2 0.04 0.106 0.575 0.218 0.128 16.0 0.0 380.0 0.0 0.047 0.026 0.173
72.84 3.34 1.41 21.71 2.0 0.55 31.0 92.0 252.0 3.0 0.54 0.057 0.214 0.8 6.2 0.09 0.053 1.666 0.749 0.127 20.0 0.0 0.0 0.0 0.197 0.374 0.603
73.41 3.41 1.5 20.98 3.0 0.45 26.0 77.0 218.0 1.0 0.62 0.049 0.167 0.2 5.5 0.093 0.057 1.683 0.792 0.139 23.0 0.0 13.0 0.0 0.197 0.374 0.603
75.48 3.17 0.38 20.32 128.0 1.12 52.0 51.0 418.0 4.0 1.03 0.133 0.572 2.5 2.2 0.101 0.148 1.403 0.154 0.065 127.0 0.0 40.0 0.0 0.096 0.034 0.161
69.7 8.13 0.71 20.32 26.0 3.05 96.0 142.0 375.0 19.0 1.87 0.271 0.473 2.5 0.4 0.162 0.046 0.714 0.386 0.092 142.0 0.0 1.0 0.0 0.185 0.059 0.303
70.04 7.73 0.53 20.76 24.0 2.51 53.0 156.0 278.0 4.0 1.29 0.268 0.475 2.5 0.4 0.202 0.055 0.495 0.411 0.1 208.0 0.0 1.0 0.0 0.138 0.044 0.225
91.3 4.67 0.1 2.8 69.0 1.09 62.0 42.0 351.0 6.0 0.24 0.154 0.412 0.9 18.4 0.256 0.142 1.008 0.046 0.135 60.0 0.0 29.0 0.0 0.026 0.009 0.042
89.5 2.6 0.3 7.0 55.0 0.7 41.0 49.0 196.0 3.0 0.24 0.071 0.219 0.7 17.0 0.09 0.09 0.8 0.638 0.123 26.0 0.0 70.0 0.0 0.079 0.027 0.127
92.5 1.9 0.6 3.8 61.0 0.8 26.0 48.0 353.0 8.0 0.15 0.114 0.372 0.9 23.0 0.06 0.16 0.8 0.163 0.157 37.0 0.0 232.0 0.0 0.02 0.205 0.196
89.8 2.0 0.6 6.4 140.0 1.8 24.0 42.0 232.0 44.0 0.28 0.115 0.23 0.3 18.0 0.13 0.175 0.514 0.057 0.16 13.0 0.0 342.0 0.0 0.146 0.012 0.262
93.6 1.83 0.64 2.93 38.0 2.08 89.0 52.0 321.0 3.0 0.17 0.114 0.303 0.9 26.3 0.034 0.086 0.411 0.036 0.1 8.0 0.0 174.0 0.0 0 0 0
81.65 5.27 0.93 11.15 151.0 2.32 34.0 67.0 344.0 9.0 0.49 0.086 0.868 0.9 31.0 0.222 0.509 1.995 0.102 0.929 23.0 0.0 351.0 0.0 0.152 0.473 0.015
88.42 2.09 0.19 8.18 20.0 0.45 42.0 49.0 457.0 43.0 0.42 0.078 0.241 0.7 97.0 0.046 0.068 0.59 0.701 0.112 30.0 0.0 4.0 0.0 0.031 0.097 0.003
84.29 0.66 0.34 14.34 9.0 0.36 20.0 31.0 453.0 21.0 0.17 0.085 0.223 0.2 5.7 0.046 0.042 0.26 0.501 0.099 12.0 0.0 0 0.0 0.027 0.063 0.148
95.32 0.6 0.02 3.69 24.0 0.25 11.0 13.0 170.0 2.0 0.7 0.026 0.066 0.2 8.5 0.029 0.022 0.39 0.144 0.038 4.0 0.0 0 0.0 0.002 0.004 0.009
89.56 0.32 0.14 9.48 7.0 0.18 7.0 11.0 225.0 4.0 0.17 0.077 0.108 0.5 146.4 0.026 0.013 0.42 0 0.09 5.0 0.0 14.0 0.0 0.04 0.013 0.059
69.13 8.14 0.58 20.69 40.0 4.58 82.0 120.0 337.0 7.0 2.85 0.341 0.482 2.8 0.0 0.27 0.037 0.411 0.316 0.037 4.0 0.0 0.0 0.0 0.099 0.026 0.245
86.9 2.95 0.27 9.2 41.0 0.76 42.0 49.0 262.0 2.0 0.38 0.048 0.21 1.6 5.1 0.056 0.088 0.48 0.053 0.023 47.0 0.0 7.0 0.0 0.119 0.129 0.01
87.15 3.68 0.2 7.29 211.0 3.14 62.0 72.0 550.0 11.0 0.79 0.255 0.123 0.9 33.0 0.091 0.192 0.89 0.072 0.57 104.0 0.0 259.0 0.0 0.03 0.014 0.096
89.82 2.94 1.21 5.3 150.0 0.84 25.0 42.0 144.0 16.0 0.27 0.067 0.542 0.9 17.8 0.063 0.14 0.457 0.17 0.063 65.0 0.0 146.0 0.0 0.175 0.102 0.66
90.3 1.8 0.11 6.69 25.0 0.4 19.0 45.0 340.0 21.0 0.31 0.132 0.142 0.8 54.0 0.04 0.02 0.39 0.16 0.154 12.0 0.0 2.0 0.0 0.014 0.008 0.053
90.8 0.81 0.2 7.62 30.0 1.1 14.0 17.0 87.0 10.0 0.06 0.062 0.247 0.5 4.2 0.026 0.02 0.2 0.072 0.113 24.0 0.0 41.0 0.0 0.027 0.003 0.111
69.64 9.02 0.38 20.13 19.0 3.33 36.0 180.0 369.0 2.0 1.27 0.251 0.494 2.8 1.5 0.169 0.073 1.06 0.638 0.178 181.0 0.0 0.0 0.0 0.053 0.064 0.175
68.7 8.8 0.45 21.25 14.0 3.1 35.0 153.0 284.0 10.0 1.6 0.337 0.502 0.6 12.6 0.22 0.09 1.2 0.571 0.164 67.0 0.0 2.0 0.0 0.053 0.095 0.201
67.17 6.81 0.32 23.64 32.0 2.45 74.0 130.0 570.0 17.0 0.79 0.305 1.252 2.0 10.1 0.14 0.096 1.04 0.257 0.193 26.0 0.0 15.0 0.0 0.073 0.019 0.154
69.79 7.8 0.38 20.88 17.0 2.39 43.0 111.0 508.0 2.0 0.95 0.235 0.516 4.5 0.0 0.161 0.055 0.421 0.422 0.161 83.0 0.0 0.0 0.0 0.089 0.034 0.171
67.15 8.04 0.38 23.31 29.0 2.4 53.0 127.0 401.0 3.0 1.03 0.215 0.585 4.9 0.0 0.161 0.055 0.66 0.472 0.078 150.0 0.0 0.0 0.0 0.088 0.034 0.169
81.42 1.58 0.07 16.02 26.0 0.9 22.0 78.0 363.0 45.0 0.33 0.217 0.22 0.6 27.4 0.127 0.01 0.3 0.302 0.218 8.0 0.0 0.0 0.0 0.021 0.014 0.014
71.08 15.57 2.92 9.88 51.0 1.2 54.0 128.0 245.0 4.0 1.38 0.231 0.676 2.6 1.1 0.134 0.053 0.495 0.188 0.009 59.0 0.0 0.0 0.0 0.346 1.18 0.73
71.41 3.51 1.0 23.67 3.0 0.63 44.0 100.0 62.0 2.0 0.91 0.161 0.272 0.9 0.0 0.106 0.082 1.33 0.171 0.108 19.0 0.0 0.0 0.0 0.172 0.184 0.508
69.23 7.81 0.55 20.96 3.0 3.14 104.0 150.0 304.0 10.0 0.59 0.164 0.527 2.8 1.0 0.124 0.023 0.668 0.391 0.093 143.0 0.0 1.0 0.0 0.124 0.044 0.256
77.14 1.73 0.08 20.0 8.0 0.43 10.0 40.0 495.0 12.0 0.32 0.129 0.283 0.9 0.0 0.086 0.014 0.13 0.48 0.209 12.0 0.0 0.0 0.0 0.018 0.003 0.036
72.66 7.02 0.38 19.15 27.0 1.4 48.0 99.0 266.0 2.0 0.84 0.156 0.298 2.5 1.0 0.164 0.061 0.577 0.41 0.067 159.0 0.0 1.0 0.0 0.116 0.054 0.128
93.39 2.03 0.09 4.19 12.0 0.65 14.0 28.0 101.0 10.0 0.47 0.122 0.14 0.6 11.4 0.05 0.102 0.817 0.243 0.054 29.0 0.0 1.0 0.0 0.025 0.012 0.032
72.51 7.54 0.55 18.34 53.0 1.75 63.0 156.0 231.0 7.0 0.83 0.139 0.412 2.5 1.0 0.15 0.075 1.5 0.433 0.058 94.0 0.0 2.0 0.0 0.038 0.029 0.359
83.48 1.56 0.22 14.39 3.0 0.44 14.0 29.0 117.0 4.0 1.33 0.896 0.204 24.8 0.3 0.037 0.17 1.5 3.594 0.159 21.0 0.0 0.0 0.0 0.05 0.07 0.034
91.08 2.17 0.47 5.29 6.0 1.74 12.0 87.0 356.0 2.0 0.87 0.504 0.115 11.9 4.0 0.073 0.3 4.46 2.16 0.095 18.0 0.0 0.0 0.0 0.061 0.008 0.183
91.78 2.56 0.47 4.51 118.0 0.87 13.0 42.0 162.0 9.0 0.22 0.146 0 0.6 25.3 0.041 0.063 0.433 0.12 0.098 9.0 0.0 618.0 0.0 0.012 0.11 0.046
94.5 1.7 0.2 2.8 158.0 0.8 7.0 18.0 285.0 14.0 0.11 0.05 0.27 0.6 65.0 0.041 0.062 0.43 0.119 0.097 73.0 0.0 410.0 0.0 0 0 0
94.8 1.3 0.17 2.13 48.0 0.66 32.0 22.0 102.0 107.0 0.31 0.077 0.526 0.9 16.0 0.03 0.107 0.39 0.256 0.237 8.0 0.0 0 0.0 0.027 0.005 0.071
73.01 5.06 0.1 21.44 4.0 0.48 9.0 25.0 35.0 60.0 0.12 0.008 0.374 0 0.0 0.094 0.026 0.51 0.235 0.04 7.0 0.0 0.0 0.0 0.019 0.026 0.031
67.91 4.0 0.18 27.54 8.0 0.52 2.0 27.0 29.0 161.0 0.22 0.025 0.251 0 0.0 0.02 0.033 0.097 0.172 0.013 2.0 0.0 0.0 0.0 0.025 0.021 0.073
94.31 1.35 0.05 3.28 164.0 0.5 47.0 16.0 195.0 20.0 0.21 0.049 0.408 0.7 5.3 0.011 0.04 0.296 0.15 0.067 3.0 0.0 22.0 0.0 0.006 0.007 0.021
61.57 2.88 0.76 33.64 12.0 0.97 58.0 66.0 306.0 2.0 0.6 0.249 1.097 0 24.7 0.11 0.123 0.548 0.381 0.281 46.0 0.0 7.0 0.0 0.112 0.399 0.197
68.15 2.0 1.38 27.76 46.0 1.73 54.0 99.0 715.0 27.0 0.25 0.472 0.854 0 26.7 0.148 0.104 0.731 0.316 0.233 38.0 0.0 1.0 0.0 0.26 0.476 0.545
86.03 0.82 0.19 12.64 11.0 0.53 18.0 26.0 119.0 5.0 0.4 0.204 0.576 0 9.5 0.125 0.059 0.543 0.075 0.102 17.0 0.0 1.0 0.0 0.028 0.101 0.05
84.0 3.21 0.86 11.44 10.0 0.88 40.0 119.0 92.0 1.0 0.53 0.066 0.964 7.7 0.0 0.16 0.034 0.144 0.217 0.025 6.0 0.0 0.0 0.0 0.163 0.291 0.339
92.57 1.87 0.21 4.51 77.0 0.28 36.0 32.0 135.0 6.0 0.43 0.085 0.294 0.4 16.3 0.132 0.055 0.871 0.213 0.187 46.0 0.0 14.0 0.0 0.045 0.028 0.046
87.86 1.36 0.19 10.15 22.0 0.24 11.0 35.0 166.0 3.0 0.21 0.067 0.153 0.6 5.2 0.042 0.023 0.165 0.113 0.129 15.0 0.0 0.0 0.0 0.031 0.027 0.073
80.24 1.32 0.3 17.01 37.0 0.58 29.0 69.0 367.0 10.0 0.26 0.138 0.294 1.7 13.0 0.083 0.051 0.724 0.588 0.093 58.0 0.0 0.0 0.0 0.05 0.112 0.047
62.13 5.8 0.93 30.86 7.0 1.28 18.0 58.0 44.0 1.0 0.51 0.1 0.322 26.4 0.0 0.274 0.136 1.689 0.112 0.049 73.0 0.0 0.0 0.0 0.176 0.131 0.326
62.13 5.8 0.93 30.86 7.0 0.5 18.0 58.0 44.0 1.0 0.51 0.1 0.322 26.4 0.0 0.02 0.02 0.4 0.112 0.049 7.0 0.0 0.0 0.0 0.176 0.131 0.326
68.56 5.15 1.05 24.93 6.0 1.14 18.0 63.0 24.0 6.0 0.56 0.093 0.224 0 0.0 0.209 0.15 0.992 0.183 0.034 64.0 0.14 6.0 33.0 0.15 0.124 0.429
68.58 5.06 0.94 25.04 18.0 1.11 24.0 57.0 37.0 6.0 0.63 0.08 0.316 0 0.0 0.178 0.134 1.011 0.232 0.113 64.0 0.14 10.0 33.0 0.217 0.296 0.21
68.31 2.63 0.73 27.91 1.0 0.25 36.0 76.0 31.0 0.0 0.63 0.064 0.153 2.8 0.0 0.053 0.023 0.556 0.128 0.058 6.0 0.0 3.0 0.0 0.102 0.191 0.325
60.72 5.82 1.5 31.51 12.0 1.65 45.0 110.0 77.0 6.0 1.12 0.199 1.032 34.2 0 0.157 0.103 2.887 0.23 0.097 20.0 0 0 0 0.239 0.171 0.584
88.91 3.27 0.23 7.05 42.0 1.97 26.0 55.0 240.0 4.0 0.37 0.077 0.168 0.7 47.9 0.128 0.076 0.539 0.673 0.144 29.0 0.0 52.0 0.0 0.044 0.023 0.1
77.87 5.36 0.22 15.63 27.0 1.54 39.0 117.0 271.0 3.0 1.19 0.173 0.525 1.9 14.2 0.259 0.149 2.021 0.153 0.216 63.0 0.0 40.0 0.0 0.039 0.019 0.102
74.37 7.05 0.51 17.08 26.0 1.67 41.0 24.0 268.0 3.0 0.78 0.02 0.325 0.6 6.6 0.216 0.285 1.072 0.683 0.128 36.0 0.0 5.0 0.0 0.09 0.045 0.24
69.49 8.34 0.39 21.1 14.0 1.29 36.0 99.0 362.0 2.0 1.0 0.181 0.396 0.6 0.4 0.19 0.056 0.89 0.595 0.048 65.0 0.0 0.0 0.0 0.054 0.081 0.165
91.87 0.92 0.2 6.7 9.0 0.46 10.0 18.0 166.0 2.0 0.12 0.065 0.115 0.3 74.4 0.059 0.03 0.477 0.079 0.233 16.0 0.0 23.0 0.0 0.029 0.013 0.106
91.87 0.92 0.2 6.7 9.0 0.46 10.0 18.0 166.0 2.0 0.12 0.065 0.115 0.3 171.0 0.059 0.03 0.477 0.079 0.233 16.0 0.0 147.0 0.0 0.029 0.013 0.106
68.55 6.76 0.38 23.25 43.0 1.11 46.0 119.0 384.0 5.0 0.9 0.269 0.501 2.9 0.0 0.146 0.059 0.781 0.319 0.05 111.0 0.0 0.0 0.0 0.083 0.003 0.205
71.8 5.96 1.36 19.49 41.0 1.57 40.0 118.0 456.0 5.0 0.82 0.105 0.451 1.2 28.1 0.35 0.166 2.153 0.63 0.053 100.0 0.0 2.0 0.0 0.365 0.013 0.899
69.08 1.09 0.08 29.15 3.0 0.3 28.0 24.0 289.0 2.0 0.14 0.08 0.109 0.0 9.1 0.05 0.065 0.39 0.38 0.22 48.0 0 0 0 0.072 0.013 0.078
92.9 2.3 0.4 3.1 53.0 1.2 14.0 33.0 184.0 18.0 0.19 0.126 0.336 0.9 82.0 0.07 0.25 1.1 0.039 0.111 9.0 0.0 435.0 0.0 0.092 0.013 0.176
76.98 1.87 0.1 20.13 5.0 0.31 22.0 44.0 379.0 4.0 0.3 0.188 0.138 0.3 13.0 0.106 0.02 1.439 0.52 0.299 10.0 0.0 0.0 0.0 0.026 0.002 0.043
77.8 2.86 0.1 17.21 45.0 6.07 30.0 54.0 407.0 14.0 0.44 0.878 1.338 0.3 5.2 0.032 0.036 1.222 0.361 0.239 10.0 0.0 0.0 0.0 0.026 0.002 0.043
67.68 1.64 0.32 29.99 103.0 0.95 49.0 20.0 108.0 4.0 0.28 0.038 0.209 0 2.0 0.126 0.039 0.708 0 0.379 0 0 0 0 0 0 0
95.2 1.09 0.08 3.3 37.0 0.88 25.0 34.0 106.0 6.0 0.1 0.1 0 0.7 5.0 0.018 0.032 0.31 0 0.05 41.0 0.0 87.0 0.0 0.041 0.01 0.004
92.51 2.72 0.22 3.39 43.0 3.2 38.0 79.0 438.0 8.0 0.2 0.133 0.355 0.9 1.0 0.068 0.136 0.85 0.042 0.196 25.0 0.0 80.0 0.0 0.114 0.029 0.012
93.69 0.72 0.07 4.9 15.0 0.57 9.0 30.0 230.0 1.0 0.23 0.091 0.089 0.2 4.7 0.031 0.078 0.413 0.201 0.044 9.0 0.0 288.0 0.0 0.037 0.009 0.004
93.52 1.49 0.19 3.55 78.0 0.77 67.0 37.0 488.0 44.0 0.17 0.114 0.307 0.9 10.5 0.031 0.09 0.46 0.036 0.07 9.0 0.0 93.0 0.0 0 0 0
71.61 4.4 1.92 21.3 17.0 1.49 64.0 152.0 172.0 7.0 1.09 0.192 0.631 2.8 0.0 0.107 0.11 0.412 0 0.123 42.0 0.0 0.0 0.0 0.231 0.528 1.078
95.04 0.67 0.24 3.43 17.0 0.15 9.0 24.0 285.0 13.0 0.13 0.101 0.033 0.7 15.1 0.0 0.023 0.15 0.114 0.038 17.0 0.0 0.0 0.0 0.073 0.04 0.108
73.82 1.79 0.2 24.01 4.0 0.14 3.0 20.0 4.0 19.0 0.25 0.038 0.114 4.5 0.0 0.018 0.004 0.072 0.011 0.006 1.0 0.0 0.0 0.0 0.023 0.026 0.023
70.27 2.74 0.97 25.58 3.0 0.56 39.0 103.0 86.0 4.0 0.71 0.106 0.974 5.8 0.0 0.178 0.069 2.561 0.38 0.123 9.0 0.0 0.0 0.0 0.26 0.369 0.366
72.96 2.32 0.83 23.51 10.0 0.53 44.0 77.0 79.0 1.0 0.62 0.081 1.097 0 0.0 0.102 0.012 1.33 0.392 0.149 4.0 0.0 0.0 0.0 0.165 0.3 0.296
64.38 3.09 0.85 31.33 3.0 0.53 39.0 96.0 61.0 4.0 0.77 0.129 1.14 9.4 0 0.097 0.07 1.903 0.275 0.11 4.0 0 0 0 0.213 0.3 0.269
91.54 0.93 0.18 6.84 18.0 0.18 10.0 41.0 216.0 5.0 0.12 0.029 0.097 0.7 18.8 0.082 0.041 0.715 0.155 0.102 15.0 0.0 0.0 0.0 0.029 0.027 0.095
81.0 2.73 0.17 15.36 47.0 0.55 18.0 56.0 283.0 16.0 0.3 0.07 0.21 0.6 4.6 0.056 0.173 0.392 0.276 0.218 15.0 0.0 0.0 0.0 0.041 0.003 0.074
59.3 5.3 2.3 32.0 61.0 0.6 50.0 124.0 875.0 23.0 0.83 1.069 0.132 0 6.1 0.29 0.17 5.3 0.816 0.298 49.0 0.0 12.0 0.0 0.621 0.293 1.225
93.3 1.14 0.05 5.23 22.0 0.56 12.0 21.0 107.0 11.0 0 0 0 0.7 37.0 0.048 0.043 0.25 0 0 57.0 0.0 0.0 0.0 0 0 0
68.6 12.35 6.4 11.05 145.0 2.5 60.0 158.0 539.0 14.0 0.91 0.117 0.502 1.4 17.0 0.26 0.155 1.25 0.128 0.06 111.0 0.0 8.0 0.0 0.74 1.209 3.011
62.55 18.21 8.97 8.36 102.0 5.14 86.0 245.0 515.0 1.0 1.15 0.407 0.824 7.3 1.7 0.155 0.285 0.399 0.179 0.234 54.0 0.0 0.0 0.0 1.297 1.981 5.064
79.45 8.47 4.45 6.53 59.0 1.31 60.0 135.0 355.0 10.0 1.04 0.33 0.71 0.6 8.3 0.205 0.053 1.092 0.743 0.105 80.0 0.0 2.0 0.0 0.617 1.009 2.513
59.73 8.86 0.21 30.88 10.0 0.72 30.0 50.0 42.0 5.0 0.5 0.084 0.417 25.2 0.0 0.298 0.161 1.837 0.286 0.064 82.0 0.0 0.0 0.0 0.032 0.026 0.095
68.14 4.58 0.63 26.15 30.0 1.04 62.0 108.0 58.0 14.0 1.08 0.205 1.504 22.1 0.0 0.097 0.103 1.53 0.183 0.096 12.0 0.0 8.0 0.0 0.091 0.072 0.257
66.56 5.5 0.85 26.44 10.0 1.67 49.0 150.0 143.0 5.0 1.25 0.215 1.091 4.0 0.0 0.103 0.03 2.57 0 0.08 13.0 0.0 0.0 0.0 0 0 0
96.21 0.31 0.15 3.22 0 0 0 0 0 0 0 0 0 0 0 0.01 0.015 0.102 0.06 0.033 7.0 0 0 0 0 0 0
93.7 0.91 0.31 4.31 27.0 0.36 24.0 39.0 192.0 1.0 0.39 0.103 0.213 0.2 5.5 0.044 0.041 0.513 0.137 0.065 20.0 0.0 11.0 0.0 0.064 0.023 0.131
94.25 1.04 0.39 3.79 22.0 0.37 16.0 29.0 177.0 1.0 0.22 0.065 0.157 0.2 11.6 0.043 0.025 0.507 0.323 0.078 23.0 0.0 56.0 0.0 0.064 0.023 0.131
95.0 1.03 0.17 3.3 15.0 0.33 19.0 28.0 140.0 1.0 0.24 0.083 0.128 0.2 10.8 0.051 0.025 0.464 0.079 0.085 21.0 0.0 4.0 0.0 0.035 0.013 0.072
82.9 1.12 0.14 14.58 44.0 0.93 43.0 45.0 437.0 4.0 0.17 0.086 0.242 0.7 10.8 0.167 0.013 0.881 0.504 0.194 19.0 0.0 21.0 0.0 0.029 0.01 0.059
89.21 0.89 0.35 8.85 22.0 0.44 13.0 19.0 241.0 1.0 0.22 0.082 0.187 0.4 9.6 0.016 0.067 0.495 0.234 0.161 20.0 0.0 261.0 0.0 0.072 0.026 0.147
87.8 0.9 0.09 10.49 41.0 0.6 29.0 27.0 284.0 4.0 0.13 0.065 0.172 0.5 15.1 0.072 0.017 0.969 0.359 0.124 19.0 0.0 558.0 0.0 0.019 0.007 0.038
91.1 1.48 0.37 6.46 10.0 0.28 13.0 14.0 214.0 5.0 0.1 0.047 0.126 0.3 6.5 0.042 0.028 0.334 0.297 0.103 10.0 0.0 200.0 0.0 0.076 0.028 0.156
92.3 0.66 0.26 6.46 21.0 0.34 11.0 14.0 117.0 18.0 0.2 0.035 0.109 0.3 3.5 0.038 0.022 0.81 0.355 0.099 8.0 0.0 6.0 0.0 0.062 0.022 0.126
68.37 5.07 0.8 24.38 17.0 1.52 53.0 117.0 410.0 17.0 0.63 0.179 0.769 0.6 8.2 0.168 0.096 1.327 0.567 0.116 33.0 0.0 15.0 0.0 0.148 0.155 0.381
89.2 2.18 0.34 7.38 33.0 0.63 48.0 40.0 312.0 7.0 0.26 0.033 0.229 0.9 1.5 0.112 0.267 1.003 0.2 0.16 49.0 0.0 147.0 0.0 0.065 0.012 0.134
75.78 2.01 0.15 20.71 38.0 0.69 27.0 54.0 475.0 36.0 0.32 0.161 0.497 0.2 19.6 0.107 0.106 1.487 0.884 0.286 6.0 0.0 961.0 0.0 0.052 0.002 0.092
92.15 2.72 0.41 4.02 86.0 1.18 20.0 27.0 460.0 2.0 0.21 0.14 0.371 0.9 35.5 0.139 0.38 1.267 0.044 0.072 48.0 0.0 212.0 0.0 0.083 0.033 0.168
95.3 0.73 0.08 3.2 14.0 0.41 8.0 26.0 344.0 2.0 0.54 0.094 0.13 1.0 18.9 0.038 0.053 0.81 0.076 0.112 3.0 0.0 3.0 0.0 0.016 0.006 0.033
63.8 0.52 0.11 34.6 18.0 0.72 30.0 76.0 484.0 15.0 0.27 0.201 0.449 0.9 5.0 0.107 0.028 0.51 0.336 0.331 19.0 0.0 4.0 0.0 0.023 0.009 0.046
86.46 4.16 0.68 6.85 149.0 1.56 51.0 67.0 623.0 54.0 0.1 0.076 0.168 0.8 38.0 0.044 0.198 0.48 0.126 0.117 7.0 0.0 88.0 0.0 0.139 0.055 0.282
74.93 3.87 0.65 19.86 49.0 2.05 50.0 120.0 107.0 8.0 1.11 0.226 2.86 0 0 0.183 0.033 0.909 0 0.097 18.0 0.0 0.0 0.0 0 0 0
59.56 19.91 11.38 7.62 96.0 2.13 77.0 253.0 401.0 14.0 1.57 0.54 1.285 0.0 0 0.054 0.357 2.135 0.453 0.199 21.0 0.14 0 0 3.4 3.745 2.638
94.34 0.95 0.11 4.01 11.0 0.68 9.0 28.0 218.0 11.0 0.14 0.075 0.105 0.5 22.8 0.036 0.022 0.532 0.129 0.079 13.0 0.0 24.0 0.0 0.015 0.016 0.044
93.2 1.14 0.23 4.36 137.0 0.8 22.0 29.0 203.0 29.0 0.14 0.253 0.337 0.9 27.4 0.045 0.072 0.411 0.274 0.18 118.0 0.0 381.0 0.0 0.053 0.015 0.091
93.6 0.71 0.08 5.06 33.0 0.18 9.0 26.0 177.0 16.0 0.12 0.002 0.071 0.2 11.6 0.027 0.023 0.299 0.142 0.067 9.0 0.0 0.0 0.0 0.008 0.005 0.042
92.93 2.08 0.24 3.7 54.0 1.32 30.0 42.0 284.0 122.0 0.16 0.021 0.143 0.9 16.0 0.05 0.08 0.5 0.126 0.081 35.0 0.0 260.0 0.0 0.039 0.007 0.1
96.06 0.4 0.2 3.04 18.0 0.38 10.0 17.0 5.0 107.0 0.59 0.022 0.056 0.2 10.5 0.034 0.001 0.384 0.121 0.032 4.0 0.0 0.0 0.0 0.016 0.037 0.088
65.18 5.71 0.83 27.6 9.0 1.76 48.0 147.0 164.0 8.0 1.84 0.207 1.03 31.9 0 0.095 0.03 2.305 0 0.07 11.0 0.0 0 0.0 0.077 0.084 0.243
73.93 3.99 0.34 21.34 3.0 0.6 32.0 82.0 101.0 3.0 1.34 0.121 0.282 0.8 0.0 0.052 0.087 1.287 0.154 0.135 26.0 0.0 0.0 0.0 0.049 0.05 0.213
90.11 5.31 0.66 3.21 61.0 1.09 30.0 25.0 274.0 4.0 0.28 0.037 0.158 1.1 9.8 0.086 0.072 0.652 0.041 0.082 35.0 0.0 4.0 0.0 0.181 0.189 0.142
67.19 10.62 5.84 14.94 142.0 4.33 54.0 153.0 280.0 13.0 1.44 0.773 1.199 2.9 0.0 0.295 0.129 0.83 0.156 0.047 10.0 0.0 0.0 0.0 0.825 2.153 1.551
70.13 1.49 0.14 27.48 14.0 0.52 18.0 49.0 670.0 8.0 0.2 0.152 0.371 0.7 12.1 0.095 0.028 0.552 0.311 0.228 16.0 0.0 6.0 0.0 0.029 0.005 0.06
90.07 0.72 0.09 8.82 11.0 0.57 11.0 16.0 135.0 4.0 0.15 0.046 0.057 0.7 14.1 0.017 0.028 0.19 0.121 0.04 8.0 0.0 1.0 0.0 0 0 0
87.47 2.53 0.1 9.18 44.0 0.98 42.0 57.0 290.0 4.0 0.36 0.047 0.201 1.5 16.2 0.085 0.099 0.63 0.051 0.024 45.0 0.0 23.0 0.0 0.026 0.009 0.042
68.8 8.29 0.45 21.09 42.0 2.64 98.0 181.0 315.0 5.0 1.08 0.225 0.487 2.8 0.4 0.212 0.064 0.551 0.398 0.095 146.0 0.0 0.0 0.0 0.116 0.039 0.193
