70.08 20.64 8.55 0.0 25.0 1.49 21.0 189.0 317.0 52.0 3.58 0.07 0.011 23.1 0.0 0.064 0.1 6.087 0.594 0.563 11.0 1.06 0.0 66.0 3.14 4.246 0.394
69.37 20.64 9.51 0.0 25.0 1.47 21.0 183.0 313.0 51.0 3.61 0.067 0.013 22.1 0.0 0.055 0.087 6.658 0.603 0.556 11.0 1.15 0.0 68.0 3.493 4.724 0.438
70.73 20.64 7.68 0.0 24.0 1.51 21.0 194.0 321.0 53.0 3.54 0.073 0.01 24.1 0.0 0.074 0.112 5.516 0.585 0.57 11.0 0.98 0.0 65.0 2.822 3.816 0.354
71.33 21.17 7.06 0.0 27.0 1.54 22.0 193.0 323.0 54.0 3.92 0.069 0.013 24.1 0.0 0.059 0.104 7.17 0.63 0.581 13.0 1.15 0.0 64.0 2.132 3.045 0.288
73.48 21.34 4.21 0.0 22.0 1.55 23.0 204.0 344.0 54.0 3.85 0.074 0.011 29.7 0.0 0.072 0.115 6.201 0.627 0.602 12.0 0.9 0.0 59.0 1.5 2.144 0.203
68.26 19.14 12.02 0.0 17.0 2.08 19.0 186.0 310.0 80.0 7.54 0.059 0.009 20.0 0.0 0.061 0.141 4.323 0.553 0.365 3.0 2.69 4.0 67.0 5.072 5.908 0.527
69.61 19.25 10.67 0.0 18.0 2.12 19.0 187.0 367.0 82.0 7.66 0.066 0.01 22.4 0.0 0.07 0.155 4.56 0.675 0.414 3.0 2.78 4.0 73.0 4.998 5.732 0.525
72.48 20.61 6.01 0.0 18.0 2.18 21.0 204.0 357.0 85.0 8.21 0.065 0.011 22.5 0.0 0.065 0.16 4.593 0.655 0.403 3.0 2.95 2.0 69.0 2.55 3.11 0.31
72.16 20.67 6.21 0.0 17.0 2.18 21.0 201.0 332.0 85.0 8.25 0.063 0.011 21.8 0.0 0.06 0.157 4.593 0.59 0.383 3.0 2.91 2.0 67.0 2.354 2.938 0.299
72.96 20.52 5.71 0.0 19.0 2.21 21.0 200.0 393.0 86.0 8.29 0.071 0.011 24.3 0.0 0.07 0.17 4.83 0.72 0.435 3.0 2.98 2.0 74.0 1.61 3.67 0.37
64.48 18.86 16.35 0.0 14.0 2.1 19.0 179.0 329.0 66.0 7.26 0.064 0.009 19.8 0.0 0.074 0.144 4.351 0.649 0.362 3.0 2.7 4.0 68.0 6.963 7.739 0.666
63.98 18.86 16.85 0.0 14.0 2.1 19.0 179.0 330.0 66.0 7.3 0.065 0.008 19.9 0.0 0.07 0.141 4.34 0.642 0.326 3.0 2.74 4.0 68.0 7.176 7.978 0.65
65.24 18.86 15.6 0.0 14.0 2.14 20.0 184.0 342.0 68.0 7.36 0.062 0.009 19.7 0.0 0.078 0.143 4.377 0.656 0.405 3.0 2.64 4.0 68.0 6.644 7.381 0.689
70.25 21.29 7.56 0.0 15.0 2.28 22.0 202.0 371.0 70.0 8.39 0.072 0.01 22.8 0.0 0.075 0.17 4.827 0.73 0.392 3.0 3.07 2.0 67.0 3.267 3.71 0.372
69.48 21.31 8.29 0.0 15.0 2.27 22.0 201.0 371.0 70.0 8.41 0.074 0.01 22.9 0.0 0.07 0.167 4.803 0.72 0.346 3.0 3.1 2.0 66.0 3.605 4.088 0.359
71.41 21.28 6.47 0.0 15.0 2.33 23.0 209.0 388.0 73.0 8.54 0.07 0.011 22.8 0.0 0.08 0.17 4.87 0.74 0.446 3.0 3.0 2.0 69.0 2.759 3.143 0.392
73.3 21.13 4.79 0.0 11.0 2.43 25.0 223.0 343.0 80.0 7.93 0.087 0.012 24.1 0.0 0.08 0.214 3.587 0.858 0.413 3.0 3.11 3.0 67.0 2.059 2.457 0.377
72.83 21.19 5.18 0.0 11.0 2.5 26.0 229.0 347.0 82.0 8.0 0.089 0.013 24.1 0.0 0.08 0.215 3.513 0.814 0.407 3.0 3.19 3.0 67.0 2.114 2.576 0.365
74.01 21.05 4.2 0.0 11.0 2.25 24.0 215.0 341.0 76.0 7.85 0.083 0.012 24.9 0.0 0.08 0.217 3.72 0.902 0.445 3.0 2.99 3.0 68.0 1.976 2.279 0.396
73.71 21.3 4.17 0.0 11.0 2.44 25.0 225.0 346.0 81.0 8.0 0.088 0.012 24.3 0.0 0.08 0.217 3.603 0.865 0.416 3.0 3.13 2.0 67.0 1.7 2.1 0.35
73.2 21.36 4.6 0.0 11.0 2.51 26.0 230.0 349.0 83.0 8.06 0.09 0.013 24.3 0.0 0.08 0.217 3.527 0.82 0.409 3.0 3.22 2.0 67.0 1.884 2.328 0.348
74.46 21.22 3.53 0.0 11.0 2.26 24.0 216.0 344.0 76.0 7.93 0.084 0.012 25.2 0.0 0.08 0.22 3.74 0.91 0.448 3.0 3.02 2.0 68.0 1.47 1.7 0.32
72.8 20.54 6.22 0.0 5.0 1.95 23.0 196.0 327.0 58.0 3.72 0.131 0.016 33.3 0.0 0.087 0.269 4.51 0.799 0.503 7.0 3.97 0.0 57.0 2.088 2.136 0.34
72.87 20.51 6.36 0.0 5.0 2.01 23.0 200.0 339.0 59.0 3.98 0.131 0.014 30.8 0.0 0.085 0.235 4.58 0.779 0.516 7.0 3.98 0.0 56.0 2.328 2.43 0.326
72.79 20.93 5.79 0.0 5.0 2.39 25.0 219.0 366.0 60.0 4.38 0.13 0.018 31.8 0.0 0.089 0.269 5.57 0.921 0.519 7.0 5.09 0.0 58.0 1.988 1.979 0.337
72.51 20.67 5.88 0.0 4.0 2.31 24.0 215.0 355.0 60.0 5.49 0.094 0.014 30.4 0.0 0.079 0.238 5.193 0.775 0.656 7.0 3.93 0.0 57.0 1.985 2.937 0.397
72.49 20.39 6.12 0.0 4.0 2.14 24.0 212.0 347.0 61.0 5.24 0.088 0.011 29.7 0.0 0.072 0.23 5.13 0.731 0.673 7.0 3.56 0.0 57.0 2.083 3.439 0.554
72.54 21.13 5.51 0.0 4.0 2.64 25.0 221.0 370.0 58.0 5.99 0.107 0.02 32.0 0.0 0.093 0.253 5.32 0.861 0.622 7.0 4.68 0.0 58.0 1.791 1.933 0.341
70.46 18.99 10.52 0.0 6.0 2.36 21.0 184.0 309.0 74.0 6.88 0.119 0.016 29.8 0.0 0.099 0.227 3.42 0.952 0.37 3.0 5.05 0.0 66.0 3.945 4.144 0.475
70.0 18.75 11.33 0.0 5.0 2.23 20.0 178.0 302.0 74.0 6.58 0.121 0.015 28.9 0.0 0.079 0.211 3.38 0.933 0.375 3.0 4.96 0.0 65.0 4.186 4.408 0.463
71.19 19.38 9.22 0.0 6.0 2.62 23.0 198.0 324.0 75.0 7.47 0.116 0.017 31.5 0.0 0.14 0.258 3.5 0.99 0.358 3.0 5.23 0.0 66.0 3.464 3.616 0.498
68.11 18.99 11.64 0.36 11.0 2.38 20.0 178.0 315.0 76.0 7.4 0.075 0.014 21.2 0.0 0.08 0.191 3.252 0.786 0.399 3.0 3.03 4.0 69.0 4.831 5.643 0.579
67.31 18.85 12.4 0.53 11.0 2.37 20.0 177.0 312.0 75.0 7.32 0.075 0.014 21.5 0.0 0.08 0.195 3.316 0.853 0.402 3.0 2.9 4.0 70.0 5.137 6.04 0.617
69.3 19.2 10.5 0.09 11.0 2.38 20.0 181.0 320.0 76.0 7.51 0.076 0.014 20.8 0.0 0.079 0.183 3.292 0.72 0.421 3.0 3.22 4.0 68.0 4.37 5.047 0.522
69.19 19.42 9.99 0.49 11.0 2.42 20.0 181.0 321.0 77.0 7.58 0.077 0.014 21.7 0.0 0.08 0.197 3.287 0.805 0.405 3.0 3.1 2.0 69.0 4.132 4.889 0.526
68.24 19.23 10.96 0.67 12.0 2.4 20.0 180.0 317.0 76.0 7.47 0.076 0.014 22.0 0.0 0.08 0.2 3.347 0.87 0.407 3.0 2.95 2.0 70.0 4.588 5.45 0.576
70.62 19.71 8.54 0.21 11.0 2.43 20.0 186.0 329.0 77.0 7.76 0.078 0.014 21.5 0.0 0.08 0.19 3.34 0.74 0.43 3.0 3.32 2.0 68.0 3.449 4.048 0.452
70.73 21.22 7.17 0.0 25.0 1.55 22.0 195.0 328.0 54.0 3.7 0.072 0.012 23.9 0.0 0.066 0.102 6.257 0.61 0.579 11.0 1.09 0.0 65.0 2.978 2.924 0.277
69.46 21.22 8.29 0.0 27.0 1.55 22.0 193.0 330.0 54.0 3.81 0.071 0.013 23.3 0.0 0.056 0.09 6.842 0.619 0.571 12.0 1.18 0.0 68.0 3.443 3.38 0.335
71.99 21.22 6.06 0.0 24.0 1.54 22.0 197.0 326.0 54.0 3.6 0.074 0.01 24.5 0.0 0.076 0.115 5.671 0.601 0.586 11.0 1.01 0.0 62.0 2.514 2.469 0.234
72.08 21.57 5.47 0.0 24.0 1.57 23.0 202.0 340.0 55.0 3.94 0.073 0.013 26.4 0.0 0.066 0.108 6.683 0.638 0.604 13.0 1.06 0.0 62.0 2.058 1.951 0.193
68.72 21.72 6.29 0.0 28.0 1.62 23.0 204.0 340.0 57.0 4.12 0.072 0.014 25.4 0.0 0.06 0.106 7.353 0.647 0.596 13.0 1.18 0.0 69.0 2.612 2.477 0.259
72.84 21.43 5.0 0.0 21.0 1.54 22.0 202.0 341.0 53.0 3.83 0.073 0.011 29.5 0.0 0.072 0.115 6.227 0.63 0.605 13.0 0.91 0.0 60.0 2.074 1.967 0.195
54.3 14.35 30.0 0.0 24.0 1.64 14.0 132.0 218.0 66.0 3.57 0.05 0.009 13.5 0.0 0.044 0.151 3.382 0.395 0.278 9.0 2.07 4.0 78.0 11.754 14.171 0.697
54.3 14.35 30.0 0.0 24.0 1.64 14.0 132.0 218.0 66.0 3.57 0.05 0.009 13.5 0.0 0.044 0.151 3.382 0.395 0.278 9.0 2.07 4.0 78.0 11.754 14.171 0.697
58.09 15.76 25.0 0.0 21.0 1.79 15.0 145.0 244.0 66.0 3.87 0.056 0.009 14.3 0.0 0.044 0.151 3.804 0.446 0.301 8.0 2.11 4.0 75.0 9.568 11.383 0.609
58.09 15.76 25.0 0.0 21.0 1.79 15.0 145.0 244.0 66.0 3.87 0.056 0.009 14.3 0.0 0.044 0.151 3.804 0.446 0.301 8.0 2.11 4.0 75.0 9.568 11.383 0.609
61.87 17.17 20.0 0.0 18.0 1.94 17.0 158.0 270.0 66.0 4.18 0.061 0.01 15.0 0.0 0.043 0.151 4.227 0.498 0.323 7.0 2.14 4.0 71.0 7.581 8.848 0.521
61.87 17.17 20.0 0.0 18.0 1.94 17.0 158.0 270.0 66.0 4.18 0.061 0.01 15.0 0.0 0.043 0.151 4.227 0.498 0.323 7.0 2.14 4.0 71.0 7.581 8.848 0.521
65.66 18.59 15.0 0.0 15.0 2.09 18.0 171.0 295.0 66.0 4.48 0.067 0.01 15.8 0.0 0.042 0.151 4.649 0.549 0.346 6.0 2.17 4.0 68.0 5.715 6.469 0.433
65.66 18.59 15.0 0.0 15.0 2.09 18.0 171.0 295.0 66.0 4.48 0.067 0.01 15.8 0.0 0.042 0.151 4.649 0.549 0.346 6.0 2.17 4.0 68.0 5.715 6.469 0.433
69.45 20.0 10.0 0.0 12.0 2.24 20.0 184.0 321.0 66.0 4.79 0.072 0.01 16.6 0.0 0.042 0.151 5.072 0.601 0.369 6.0 2.21 4.0 65.0 3.927 4.194 0.345
69.45 20.0 10.0 0.0 12.0 2.24 20.0 184.0 321.0 66.0 4.79 0.072 0.01 16.6 0.0 0.042 0.151 5.072 0.601 0.369 6.0 2.21 4.0 65.0 3.927 4.194 0.345
71.72 20.85 7.0 0.0 10.0 2.33 21.0 192.0 336.0 66.0 4.97 0.075 0.01 17.1 0.0 0.041 0.151 5.325 0.632 0.383 5.0 2.23 4.0 63.0 2.878 2.866 0.292
71.72 20.85 7.0 0.0 10.0 2.33 21.0 192.0 336.0 66.0 4.97 0.075 0.01 17.1 0.0 0.041 0.151 5.325 0.632 0.383 5.0 2.23 4.0 63.0 2.878 2.866 0.292
73.24 21.41 5.0 0.0 9.0 2.38 22.0 198.0 346.0 66.0 5.09 0.078 0.01 17.4 0.0 0.041 0.151 5.494 0.652 0.392 5.0 2.24 4.0 62.0 2.182 1.994 0.257
73.24 21.41 5.0 0.0 9.0 2.38 22.0 198.0 346.0 66.0 5.09 0.078 0.01 17.4 0.0 0.041 0.151 5.494 0.652 0.392 5.0 2.24 4.0 62.0 2.182 1.994 0.257
74.75 21.98 3.0 0.0 8.0 2.44 22.0 203.0 357.0 66.0 5.21 0.08 0.01 17.7 0.0 0.041 0.151 5.663 0.673 0.401 4.0 2.26 4.0 60.0 1.48 1.134 0.222
74.75 21.98 3.0 0.0 8.0 2.44 22.0 203.0 357.0 66.0 5.21 0.08 0.01 17.7 0.0 0.041 0.151 5.663 0.673 0.401 4.0 2.26 4.0 60.0 1.48 1.134 0.222
71.5 21.67 6.93 0.0 14.0 2.48 12.0 211.0 284.0 44.0 3.2 0.062 0.007 20.1 0.0 0.053 0.312 4.705 0.361 0.607 3.0 3.47 5.0 61.0 2.479 2.695 0.463
71.05 21.5 7.4 0.0 14.0 2.52 12.0 208.0 279.0 44.0 3.21 0.061 0.007 19.2 0.0 0.05 0.3 4.461 0.35 0.601 3.0 3.34 3.0 61.0 2.687 2.956 0.496
72.17 21.91 6.21 0.0 14.0 2.46 12.0 219.0 294.0 42.0 3.32 0.067 0.008 21.2 0.0 0.056 0.329 5.072 0.376 0.614 4.0 3.67 4.0 62.0 2.166 2.302 0.414
72.44 21.94 5.74 0.0 13.0 2.5 12.0 215.0 289.0 44.0 3.26 0.063 0.007 20.4 0.0 0.053 0.318 4.755 0.354 0.615 4.0 3.53 2.0 61.0 1.956 2.122 0.42
72.04 21.78 6.16 0.0 13.0 2.55 12.0 212.0 284.0 45.0 3.27 0.062 0.007 19.5 0.0 0.053 0.307 4.508 0.351 0.61 3.0 3.4 2.0 60.0 2.123 2.338 0.45
73.04 22.16 5.1 0.0 14.0 2.48 13.0 222.0 298.0 42.0 3.37 0.068 0.008 21.5 0.0 0.057 0.335 5.125 0.371 0.622 4.0 3.72 2.0 62.0 1.706 1.799 0.375
73.04 22.16 5.1 0.0 14.0 2.48 13.0 222.0 298.0 42.0 3.37 0.068 0.008 21.5 0.0 0.057 0.335 5.125 0.371 0.622 4.0 3.72 2.0 62.0 1.706 1.799 0.375
71.7 21.72 6.67 0.0 14.0 2.49 12.0 212.0 285.0 44.0 3.22 0.063 0.007 20.2 0.0 0.053 0.313 4.717 0.362 0.609 3.0 3.48 3.0 61.0 2.363 2.578 0.454
71.3 21.57 7.1 0.0 14.0 2.53 12.0 209.0 280.0 44.0 3.22 0.061 0.007 19.3 0.0 0.05 0.302 4.473 0.359 0.603 3.0 3.36 3.0 60.0 2.548 2.813 0.485
72.31 21.95 6.02 0.0 14.0 2.47 12.0 219.0 295.0 42.0 3.33 0.067 0.008 21.3 0.0 0.057 0.33 5.082 0.377 0.616 4.0 3.67 4.0 62.0 2.087 2.224 0.407
72.44 21.94 5.74 0.0 13.0 2.5 12.0 215.0 289.0 44.0 3.26 0.063 0.007 20.4 0.0 0.053 0.318 4.755 0.354 0.615 4.0 3.53 2.0 61.0 1.956 2.122 0.42
72.04 21.78 6.16 0.0 13.0 2.55 12.0 212.0 284.0 45.0 3.27 0.062 0.007 19.5 0.0 0.05 0.307 4.508 0.342 0.61 3.0 3.4 0 60.0 2.123 2.338 0.45
73.04 22.16 5.1 0.0 14.0 2.48 13.0 222.0 298.0 42.0 3.37 0.068 0.008 21.5 0.0 0.057 0.335 5.125 0.371 0.622 4.0 3.72 2.0 62.0 1.706 1.799 0.375
68.75 22.43 8.17 0.0 15.0 1.83 11.0 200.0 273.0 45.0 3.57 0.043 0.002 20.8 0.0 0.055 0.203 6.515 0.373 0.563 4.0 1.74 4.0 61.0 3.478 3.941 0.48
67.82 22.19 9.16 0.0 15.0 1.91 11.0 198.0 271.0 45.0 3.62 0.041 0.002 20.2 0.0 0.052 0.197 6.681 0.361 0.57 4.0 1.67 4.0 59.0 3.79 4.328 0.505
70.15 22.79 6.67 0.0 14.0 1.73 12.0 204.0 279.0 46.0 3.52 0.044 0.002 21.4 0.0 0.059 0.213 6.267 0.391 0.552 4.0 1.85 4.0 63.0 2.91 3.25 0.42
70.63 23.07 5.67 0.0 15.0 1.84 12.0 207.0 284.0 46.0 3.72 0.044 0.002 21.5 0.0 0.056 0.211 6.742 0.372 0.578 4.0 1.78 2.0 60.0 2.345 2.711 0.381
69.94 22.93 6.34 0.0 15.0 1.93 11.0 205.0 283.0 46.0 3.79 0.042 0.002 21.0 0.0 0.053 0.205 6.947 0.36 0.589 4.0 1.71 2.0 58.0 2.515 2.948 0.393
71.68 23.3 4.66 0.0 14.0 1.73 12.0 210.0 288.0 47.0 3.64 0.045 0.002 22.0 0.0 0.06 0.22 6.435 0.39 0.563 4.0 1.88 2.0 62.0 1.824 2.055 0.317
65.33 21.29 12.68 0.0 16.0 1.8 11.0 188.0 254.0 44.0 3.29 0.04 0.002 19.5 0.0 0.052 0.189 6.123 0.354 0.535 3.0 1.69 4.0 62.0 5.491 6.204 0.657
64.65 21.13 13.36 0.0 16.0 1.88 10.0 187.0 253.0 44.0 3.35 0.038 0.002 19.0 0.0 0.049 0.184 6.286 0.344 0.543 3.0 1.63 4.0 61.0 5.685 6.455 0.671
66.35 21.54 11.65 0.0 15.0 1.71 11.0 191.0 258.0 45.0 3.24 0.041 0.002 20.0 0.0 0.056 0.197 5.879 0.37 0.523 3.0 1.78 4.0 64.0 5.202 5.826 0.636
70.63 23.07 5.67 0.0 15.0 1.84 12.0 207.0 284.0 46.0 3.72 0.044 0.002 21.5 0.0 0.056 0.211 6.742 0.372 0.578 4.0 1.78 2.0 60.0 2.345 2.711 0.381
69.94 22.93 6.34 0.0 15.0 1.93 11.0 205.0 283.0 46.0 3.79 0.042 0.002 21.0 0.0 0.053 0.205 6.947 0.36 0.589 4.0 1.71 2.0 58.0 2.515 2.948 0.393
71.68 23.3 4.66 0.0 14.0 1.73 12.0 210.0 288.0 47.0 3.64 0.045 0.002 22.0 0.0 0.06 0.22 6.435 0.39 0.563 4.0 1.88 2.0 62.0 2.09 2.355 0.363
63.95 20.59 15.04 0.0 23.0 1.47 21.0 189.0 313.0 52.0 3.45 0.071 0.009 23.5 0.0 0.074 0.112 5.502 0.583 0.569 11.0 0.98 0.0 80.0 6.067 6.438 0.572
67.4 19.9 12.4 0.0 6.0 2.41 22.0 192.0 326.0 80.0 7.12 0.131 0 28.1 0.0 0.084 0.224 3.588 0 0.399 3.0 2.64 4.0 68.0 4.619 6.5 0.406
66.5 19.7 13.4 0.0 6.0 2.4 22.0 191.0 325.0 80.0 7.09 0.13 0 27.7 0.0 0.083 0.222 3.552 0 0.395 3.0 2.67 4.0 68.0 5.079 7.083 0.433
68.6 20.1 10.9 0.0 7.0 2.74 24.0 207.0 339.0 78.0 7.82 0.121 0 28.7 0.0 0.145 0.267 3.63 0 0.371 3.0 2.6 4.0 68.0 3.93 5.626 0.366
72.93 21.38 5.36 0.0 5.0 2.0 25.0 220.0 375.0 55.0 5.3 0.079 0 27.9 0.0 0.075 0.182 5.048 0 0.543 3.0 2.69 2.0 67.0 1.875 2.354 0.189
72.52 21.34 5.82 0.0 5.0 2.08 24.0 206.0 367.0 60.0 4.82 0.09 0 27.4 0.0 0.059 0.169 5.438 0 0.61 3.0 2.73 2.0 67.0 2.08 2.536 0.195
73.56 21.44 4.68 0.0 5.0 1.98 24.0 213.0 355.0 52.0 5.57 0.067 0 28.6 0.0 0.068 0.205 5.356 0 0.539 3.0 2.64 2.0 67.0 1.568 2.083 0.18
70.23 21.29 8.22 0.0 4.0 1.97 22.0 183.0 313.0 54.0 3.46 0.138 0.013 1.1 0.0 0.051 0.105 3.01 0.521 0.315 0 1.71 6.0 57.0 3.017 2.884 0.318
73.11 22.09 4.49 0.0 4.0 2.06 22.0 190.0 325.0 55.0 3.63 0.145 0.013 1.0 0.0 0.048 0.109 3.142 0.546 0.331 0 1.8 6.0 56.0 1.347 1.68 0.242
63.38 18.22 16.31 1.26 5.0 1.91 18.0 161.0 297.0 43.0 3.32 0.055 0.009 4.4 0.0 0.07 0.072 3.015 0.29 0.254 0 1.39 15.0 60.0 6.734 5.524 0.422
69.43 19.77 8.51 1.38 3.0 2.09 20.0 174.0 319.0 45.0 3.66 0.06 0.009 4.7 0.0 0.071 0.076 3.257 0.313 0.28 0 1.53 17.0 59.0 3.689 3.054 0.261
72.9 19.88 4.92 1.32 4.0 1.37 21.0 189.0 346.0 39.0 2.72 0.047 0.004 1.1 0.0 0.039 0.069 3.431 0.261 0.323 0 1.12 7.0 48.0 1.573 1.549 0.232
74.14 20.15 3.35 1.35 3.0 1.39 22.0 192.0 352.0 40.0 2.78 0.048 0.004 1.1 0.0 0.037 0.07 3.494 0.265 0.329 0 1.14 7.0 47.0 0.875 1.009 0.198
71.32 21.31 6.78 0.0 15.0 1.82 20.0 184.0 337.0 54.0 3.95 0.047 0.006 2.9 0.0 0.03 0.09 4.306 0.293 0.255 0 1.17 8.0 57.0 2.453 2.279 0.191
67.25 20.38 11.71 0.0 6.0 1.71 20.0 145.0 262.0 64.0 5.99 0.085 0.085 22.2 0.0 0.055 0.289 5.241 0.594 0.421 3.0 2.31 4.0 65.0 4.626 5.431 0.548
66.55 20.06 12.78 0.0 6.0 1.7 20.0 144.0 254.0 65.0 5.97 0.084 0.084 23.1 0.0 0.053 0.275 5.076 0.621 0.422 3.0 2.46 4.0 65.0 5.034 6.01 0.596
68.31 20.87 10.11 0.0 6.0 1.73 21.0 149.0 283.0 65.0 6.2 0.081 0.081 21.4 0.0 0.058 0.31 5.49 0.567 0.42 3.0 2.08 4.0 65.0 4.014 4.561 0.475
69.5 21.17 8.82 0.0 6.0 1.75 21.0 151.0 272.0 66.0 6.26 0.088 0.088 23.0 0.0 0.058 0.299 5.439 0.61 0.438 3.0 2.38 2.0 64.0 3.233 3.943 0.442
68.91 20.89 9.76 0.0 6.0 1.74 21.0 150.0 264.0 67.0 6.25 0.087 0.087 24.0 0.0 0.055 0.285 5.282 0.64 0.44 3.0 2.55 2.0 64.0 3.546 4.43 0.483
70.4 21.61 7.41 0.0 6.0 1.76 22.0 154.0 292.0 66.0 6.44 0.083 0.083 22.0 0.0 0.06 0.32 5.675 0.58 0.435 3.0 2.13 2.0 63.0 2.765 3.212 0.38
63.17 17.98 17.59 0.35 6.0 3.42 19.0 142.0 242.0 65.0 4.72 0.17 0.17 22.6 0.0 0.104 0.556 4.092 1.127 0.385 3.0 5.25 4.0 71.0 7.138 7.73 0.869
62.64 17.69 18.44 0.35 6.0 3.35 19.0 140.0 240.0 65.0 4.51 0.171 0.171 22.6 0.0 0.103 0.562 4.043 1.163 0.374 3.0 5.48 4.0 71.0 7.426 8.126 0.907
63.96 18.43 16.31 0.36 6.0 3.63 20.0 147.0 251.0 63.0 5.13 0.167 0.167 23.1 0.0 0.105 0.548 4.166 1.091 0.4 3.0 4.92 5.0 70.0 6.705 7.137 0.813
65.6 18.74 14.53 0.19 5.0 3.6 20.0 148.0 253.0 67.0 4.95 0.181 0.18 23.7 0.0 0.11 0.588 4.251 1.185 0.402 3.0 5.55 2.0 69.0 5.618 6.082 0.766
65.19 18.47 15.26 0.17 5.0 3.53 20.0 147.0 251.0 68.0 4.74 0.182 0.182 23.7 0.0 0.11 0.597 4.212 1.23 0.392 3.0 5.82 2.0 70.0 5.798 6.363 0.797
66.22 19.14 13.44 0.23 6.0 3.8 21.0 153.0 260.0 65.0 5.36 0.175 0.175 24.0 0.0 0.11 0.575 4.31 1.14 0.417 3.0 5.16 3.0 69.0 5.349 5.659 0.718
73.9 22.5 2.62 0.0 5.0 0.37 28.0 213.0 334.0 45.0 0.68 0.037 0.011 22.8 0.0 0.094 0.177 9.6 1.495 0.811 9.0 0.21 9.0 73.0 0.563 0.689 0.424
53.52 25.95 20.97 0.0 21.0 1.42 20.0 154.0 210.0 87.0 2.25 0.076 0.022 22.5 0.0 0.061 0.195 6.718 1.012 0.27 6.0 0.27 105.0 88.0 5.82 8.29 4.62
58.75 28.19 13.16 0.0 24.0 1.39 22.0 165.0 237.0 96.0 2.65 0.081 0.022 17.3 0.0 0.068 0.217 7.069 1.13 0.34 7.0 0.3 0.0 90.0 3.6 4.83 3.05
62.44 29.8 7.78 0.0 14.0 1.07 27.0 214.0 245.0 71.0 1.02 0.05 0.018 24.7 0.0 0.066 0.119 12.71 0.936 0.56 4.0 0.32 28.0 84.0 2.19 3.03 1.66
65.26 31.02 3.57 0.0 15.0 1.04 29.0 228.0 256.0 74.0 1.0 0.049 0.017 27.6 0.0 0.07 0.114 13.712 0.965 0.6 4.0 0.34 6.0 85.0 1.01 1.24 0.77
69.93 24.24 5.7 0.0 11.0 1.14 22.0 200.0 256.0 128.0 2.56 0.074 0.014 28.1 0.0 0.098 0.222 5.598 1.1 0.407 4.0 0.38 6.0 130.0 1.505 2.181 1.202
58.63 25.97 15.78 0.0 15.0 1.36 22.0 168.0 220.0 87.0 2.49 0.077 0.021 20.2 0.0 0.066 0.207 6.359 1.111 0.31 7.0 0.29 60.0 91.0 4.37 6.19 3.49
63.06 27.37 9.73 0.0 15.0 1.33 23.0 179.0 240.0 93.0 2.8 0.08 0.021 18.0 0.0 0.073 0.227 6.548 1.21 0.36 8.0 0.32 22.0 93.0 2.66 3.56 2.26
66.39 23.35 10.15 0.0 11.0 1.11 22.0 195.0 247.0 123.0 2.36 0.071 0.015 26.9 0.0 0.093 0.203 5.403 1.077 0.383 4.0 0.39 12.0 130.0 2.74 4.155 2.083
67.3 16.37 15.95 0.17 9.0 0.69 19.0 155.0 203.0 84.0 1.47 0.054 0.016 18.0 0.2 0.073 0.141 4.733 0.994 0.318 4.0 0.56 28.0 93.0 4.366 6.619 3.352
76.41 19.16 4.22 0.0 10.0 0.78 23.0 180.0 238.0 96.0 1.76 0.06 0.017 21.0 0.0 0.087 0.179 5.578 1.17 0.406 4.0 0.57 10.0 91.0 1.05 1.44 0.962
68.6 20.27 11.07 0.0 11.0 0.79 23.0 163.0 204.0 65.0 0.93 0.04 0.018 16.4 0.0 0.059 0.086 8.908 0.794 0.48 4.0 0.34 29.0 67.0 3.16 4.52 2.34
74.86 23.2 1.65 0.0 12.0 0.73 27.0 187.0 239.0 68.0 0.97 0.04 0.018 17.8 0.0 0.068 0.092 10.604 0.822 0.54 4.0 0.38 8.0 58.0 0.44 0.39 0.37
66.47 16.52 16.61 0.25 7.0 0.68 18.0 157.0 204.0 81.0 1.29 0.054 0.013 18.9 0.0 0.073 0.145 4.625 0.19 0.347 3.0 0.62 23.0 98.0 4.524 6.94 3.467
69.19 17.52 12.85 0.0 11.0 0.46 16.0 123.0 187.0 84.0 1.21 0.034 0.011 17.6 0.0 0.054 0.103 5.697 0.64 0.528 7.0 0.25 9.0 111.0 3.535 5.422 2.498
74.95 21.97 3.54 0.0 13.0 0.88 22.0 155.0 194.0 81.0 1.63 0.041 0.018 17.8 1.2 0.059 0.101 7.359 0.836 0.53 4.0 0.38 18.0 57.0 0.94 0.85 0.8
48.5 11.49 39.34 0.0 11.0 2.4 15.0 139.0 209.0 63.0 1.36 0.236 0.017 12.4 2.8 0.197 0.21 3.934 0.951 0.19 13.0 0.25 50.0 76.0 13.22 18.69 5.08
73.77 18.28 5.95 0.94 11.0 2.4 19.0 203.0 271.0 74.0 1.9 0.253 0.019 13.9 5.8 0.36 0.45 5.3 1.6 0.34 25.0 0.4 24.0 77.0 2.32 1.54 0.75
74.62 22.5 0.8 0.0 3.0 4.5 42.0 236.0 300.0 120.0 3.5 0.211 0.029 32.5 0.0 0.267 0.451 7.397 2.708 0.634 13.0 6.67 0.0 71.0 0.201 0.319 0.109
73.79 22.83 1.64 0.0 4.0 4.96 40.0 236.0 330.0 90.0 3.59 0.211 0.029 32.5 0.0 0.36 0.458 7.504 2.747 0.643 13.0 2.24 4.0 85.0 0.448 0.516 0.329
72.87 22.77 4.03 0.0 7.0 4.02 24.0 222.0 320.0 56.0 3.48 0.199 0.027 30.5 0.0 0.27 0.457 7.485 2.74 0.642 13.0 6.75 0.0 69.0 1.022 1.607 0.557
74.73 22.22 1.49 0.0 4.0 5.23 26.0 229.0 318.0 102.0 4.33 0.205 0.028 31.4 0.0 0.42 0.446 7.304 2.674 0.626 12.0 2.26 5.0 67.0 0.386 0.532 0.256
74.08 22.38 2.03 0.0 3.0 3.19 27.0 188.0 353.0 51.0 1.28 0.18 0.02 9.7 0.0 0.32 0.58 0 0 0 0 0 0.0 95.0 0.74 0.48 0.44
70.97 24.05 4.8 0.0 15.0 6.9 25.0 237.0 348.0 51.0 0 0 0 26.6 2.0 0.06 0.22 1.9 0 0 0 0 0.0 0 0 0 0
70.89 23.3 4.8 0.0 18.0 2.32 0 224.0 436.0 78.0 4.86 0 0 9.8 7.0 0.04 0.09 4.64 0.55 0 15.0 2.42 0.0 44.0 2.04 2.04 0.15
73.95 23.32 2.43 0.0 5.0 2.66 27.0 237.0 390.0 47.0 2.92 0.131 0.047 35.3 0.0 0.217 0.337 6.183 0.799 0.562 14.0 1.55 0.0 65.0 1.039 0.95 0.114
72.54 21.51 3.33 0.0 12.0 0 0 120.0 0 0 0 0 0 9.8 0.0 0.39 0.11 4.0 0 0 0 0 0.0 0 0.99 1.3 0.48
76.3 20.39 1.37 0.0 12.0 1.61 32.0 197.0 297.0 53.0 1.93 0.151 0 9.0 0.0 0.04 0.2 5.97 0.16 0.53 8.0 1.66 0.0 46.0 0.46 0.42 0.27
71.45 22.63 3.36 0.0 17.0 4.69 26.0 208.0 295.0 57.0 4.0 0.222 0.078 10.2 0.0 0.32 0.72 5.5 2.55 0.37 4.0 6.31 0.0 83.0 1.29 1.01 0.47
73.57 22.96 2.42 0.0 5.0 3.4 23.0 202.0 318.0 51.0 2.09 0.253 0.041 9.7 0.0 0.22 0.48 6.37 0 0.37 4.0 6.31 0.0 85.0 0.95 0.67 0.47
71.15 21.78 7.13 0.0 11.0 2.92 21.0 201.0 330.0 75.0 4.2 0.14 0.014 10.0 0.0 0.547 0.287 5.7 0.69 0.464 4.0 1.87 0.0 80.0 3.361 1.344 0.394
74.38 22.95 1.45 0.0 4.0 2.76 23.0 161.0 312.0 58.0 2.4 0.12 0.012 9.8 0.0 0 0 0 0 0 0 0 0.0 55.0 0.53 0.36 0.3
68.84 21.76 8.82 0.0 12.0 2.75 22.0 195.0 322.0 79.0 5.4 0.15 0.023 8.0 0.0 0.125 0.26 4.89 0.96 0.336 7.0 2.13 0.0 66.0 3.469 2.507 0.415
75.84 20.6 2.31 0.0 13.0 2.83 0 180.0 385.0 82.0 4.0 0.256 0.038 8.8 0.0 0.11 0.49 3.75 0 0 5.0 1.13 0.0 57.0 0.71 1.03 0.17
72.63 21.39 4.6 0.0 6.0 3.82 24.0 221.0 360.0 53.0 2.9 0.144 0.019 10.1 1.0 0.13 0.1 4.6 0 0.38 0 3.0 0.0 52.0 1.44 1.61 0.65
75.55 22.24 0.74 0.0 5.0 3.21 23.0 158.0 317.0 65.0 2.8 0.067 0.008 9.6 4.0 0.06 0.27 5.0 0 0 0 0 0.0 59.0 0.22 0.15 0.24
69.35 20.76 8.1 0.0 25.0 0 22.0 220.0 276.0 82.0 0 0 0 9.1 5.0 0.09 0.52 6.2 0 0 0 0 0.0 0 0 0 0
72.82 20.05 5.55 0.0 13.0 1.57 19.0 213.0 330.0 41.0 1.57 0.145 0.026 23.7 0.0 0.1 0.15 7.27 0.8 0.5 8.0 7.16 0.0 57.0 1.66 1.5 1.08
73.83 21.23 3.21 0.0 2.0 4.7 24.0 172.0 304.0 103.0 0 0 0 9.3 0.0 0.07 0.21 4.0 0 0 0 0 0.0 83.0 0.38 1.18 0.94
49.66 15.86 33.62 0.0 12.0 2.5 18.0 234.0 308.0 73.0 1.72 0.27 0.02 14.4 4.2 0.085 0.245 3.608 1.294 0.39 4.0 0.34 17.0 80.0 9.78 17.77 3.76
68.3 22.75 7.13 0.0 13.0 2.57 24.0 312.0 420.0 87.0 2.34 0.306 0.024 16.8 7.2 0.129 0.377 4.278 1.973 0.64 31.0 0.49 12.0 84.0 2.79 1.85 0.9
67.93 20.97 11.43 0.0 3.0 1.76 21.0 161.0 218.0 80.0 2.83 0.099 0.008 9.8 0.0 0.145 0.364 6.363 0.797 0.397 0 1.48 2.0 63.0 5.361 4.777 0.772
72.94 22.28 5.24 0.0 2.0 1.88 24.0 174.0 231.0 83.0 3.1 0.109 0.009 10.6 0.0 0.16 0.4 6.88 0.87 0.426 0 1.73 3.0 61.0 2.277 2.346 0.43
68.46 19.17 12.56 0.0 10.0 1.81 23.0 199.0 318.0 61.0 3.32 0.144 0.015 7.4 0 0.145 0.298 5.167 0.502 0.375 0 2.81 0 65.0 5.813 5.146 0.591
73.45 20.65 6.08 0.0 9.0 1.94 25.0 214.0 342.0 64.0 3.58 0.156 0.016 8.0 0 0.155 0.32 5.56 0.53 0.406 0 3.01 0 64.0 2.413 2.519 0.331
67.64 18.59 13.48 0.0 9.0 1.48 20.0 176.0 301.0 75.0 4.04 0.181 0.01 7.8 0 0.142 0.292 5.06 0.495 0.367 0 2.75 0 66.0 6.389 5.549 0.57
74.08 20.45 5.1 0.0 7.0 1.61 22.0 191.0 329.0 81.0 4.5 0.202 0.012 8.7 0 0.155 0.32 5.56 0.53 0.406 0 3.01 0 64.0 2.008 2.157 0.246
66.86 18.33 14.38 0.0 11.0 1.75 22.0 192.0 308.0 59.0 3.21 0.139 0.014 7.1 0 0.14 0.288 4.996 0.49 0.362 0 2.72 0 66.0 6.898 5.878 0.649
74.13 20.43 4.91 0.0 9.0 1.94 25.0 214.0 342.0 64.0 3.58 0.156 0.016 8.0 0 0.155 0.32 5.56 0.53 0.406 0 3.01 0 64.0 1.948 2.034 0.267
62.63 17.25 20.0 0.0 12.0 1.5 20.0 167.0 279.0 70.0 2.95 0.148 0.013 8.0 0 0.133 0.272 4.695 0.469 0.339 0 2.57 0 66.0 9.754 8.101 0.823
73.68 20.48 5.64 0.0 10.0 1.75 23.0 195.0 328.0 80.0 3.5 0.179 0.017 9.8 0 0.155 0.32 5.56 0.53 0.406 0 3.01 0 63.0 2.308 2.293 0.267
68.68 21.95 9.73 0.0 3.0 2.09 21.0 156.0 225.0 75.0 2.72 0.118 0.005 6.9 0.0 0.132 0.37 6.251 0.704 0.426 0 1.56 2.0 76.0 4.464 3.934 0.692
73.02 23.11 4.33 0.0 3.0 2.25 23.0 167.0 238.0 77.0 2.94 0.129 0.005 7.1 0.0 0.142 0.4 6.65 0.75 0.452 0 1.8 3.0 76.0 1.774 1.815 0.394
66.33 18.24 15.19 0.0 10.0 1.48 20.0 173.0 295.0 73.0 3.75 0.173 0.011 4.2 0 0.14 0.287 4.964 0.488 0.359 0 2.7 0 66.0 7.288 6.226 0.657
73.98 20.46 5.23 0.0 8.0 1.64 23.0 192.0 329.0 81.0 4.25 0.196 0.013 4.6 0 0.155 0.32 5.56 0.53 0.406 0 3.01 0 64.0 2.081 2.19 0.251
66.8 19.32 13.38 0.0 15.0 1.66 22.0 185.0 302.0 70.0 2.5 0.13 0.013 8.2 0 0.169 0.29 6.652 0.615 0.445 0 1.76 0 66.0 6.401 5.374 0.54
72.17 21.0 6.24 0.0 15.0 1.79 24.0 199.0 327.0 75.0 2.69 0.141 0.014 9.0 0 0.183 0.313 7.283 0.66 0.488 0 1.85 0 64.0 2.673 2.463 0.261
71.83 23.23 5.52 0.0 2.0 2.25 26.0 208.0 308.0 73.0 2.3 0.126 0.006 8.0 0.0 0.145 0.376 8.394 0.87 0.55 0 2.1 1.0 76.0 2.255 2.087 0.46
72.45 23.42 4.73 0.0 2.0 2.27 26.0 210.0 311.0 73.0 2.32 0.128 0.006 8.1 0.0 0.147 0.38 8.49 0.88 0.556 0 2.14 2.0 76.0 1.857 1.767 0.417
59.47 16.56 23.41 0.0 16.0 1.55 21.0 157.0 222.0 59.0 3.41 0.101 0.019 18.8 0.0 0.11 0.21 5.96 0.65 0.13 18.0 2.31 0.0 73.0 10.19 9.6 1.85
67.17 18.58 13.49 0.0 8.0 1.71 24.0 178.0 261.0 57.0 3.5 0.115 0.021 21.4 0.0 0.13 0.23 6.22 0.68 0.15 20.0 2.51 0.0 67.0 5.8 5.53 1.08
68.73 18.99 11.5 0.0 7.0 1.73 25.0 182.0 267.0 58.0 3.58 0.117 0.022 21.9 0.0 0.13 0.24 6.21 0.69 0.16 21.0 2.54 0.0 67.0 4.88 4.7 0.93
74.44 20.52 4.19 0.0 6.0 1.82 27.0 195.0 290.0 61.0 3.89 0.124 0.024 23.4 0.0 0.14 0.25 6.19 0.7 0.17 23.0 2.64 0.0 64.0 1.5 1.69 0.38
60.3 16.94 22.11 0.0 10.0 1.61 22.0 159.0 231.0 56.0 3.08 0.112 0.019 19.6 0.0 0.12 0.23 6.34 0.7 0.14 18.0 2.48 0.0 72.0 9.73 9.08 1.73
61.32 17.21 20.8 0.0 10.0 1.63 23.0 161.0 235.0 56.0 3.13 0.114 0.019 19.9 0.0 0.13 0.23 6.34 0.7 0.14 19.0 2.5 0.0 71.0 9.12 8.54 1.64
73.57 20.55 5.08 0.0 7.0 1.83 27.0 189.0 284.0 64.0 3.77 0.132 0.024 23.4 0.0 0.14 0.25 6.33 0.74 0.17 24.0 2.76 0.0 66.0 1.82 2.04 0.46
64.32 17.91 17.07 0.0 9.0 1.66 23.0 170.0 249.0 56.0 3.32 0.113 0.02 20.7 0.0 0.13 0.23 6.26 0.69 0.15 19.0 2.5 0.0 69.0 7.43 7.0 1.35
66.38 18.47 14.42 0.0 8.0 1.7 24.0 175.0 258.0 57.0 3.43 0.116 0.021 21.3 0.0 0.13 0.24 6.25 0.7 0.15 20.0 2.54 0.0 68.0 6.21 5.91 1.15
74.11 20.56 4.51 0.0 6.0 1.82 27.0 193.0 289.0 62.0 3.84 0.126 0.024 23.5 0.0 0.14 0.25 6.23 0.72 0.17 23.0 2.7 0.0 64.0 1.61 1.81 0.41
56.55 16.32 26.63 0.0 15.0 1.61 21.0 152.0 214.0 56.0 2.53 0.105 0.018 18.9 0.0 0.11 0.21 6.47 0.63 0.13 17.0 2.04 0.0 74.0 11.76 10.94 2.08
56.55 16.32 26.63 0.0 15.0 1.61 21.0 152.0 214.0 56.0 2.53 0.105 0.018 18.9 0.0 0.11 0.21 6.47 0.63 0.13 17.0 2.04 0.0 74.0 11.76 10.94 2.08
59.55 17.18 22.75 0.0 14.0 1.66 22.0 159.0 226.0 59.0 2.65 0.11 0.019 19.4 0.0 0.12 0.21 6.48 0.64 0.14 18.0 2.07 0.0 72.0 9.95 9.34 1.79
59.55 17.18 22.75 0.0 14.0 1.66 22.0 159.0 226.0 59.0 2.65 0.11 0.019 19.4 0.0 0.12 0.21 6.48 0.64 0.14 18.0 2.07 0.0 72.0 9.95 9.34 1.79
72.55 20.88 5.94 0.0 12.0 1.91 27.0 190.0 276.0 68.0 3.19 0.128 0.024 23.6 0.0 0.13 0.23 6.51 0.66 0.17 24.0 2.21 0.0 66.0 2.13 2.39 0.54
72.55 20.88 5.94 0.0 12.0 1.91 27.0 190.0 276.0 68.0 3.19 0.128 0.024 23.6 0.0 0.13 0.23 6.51 0.66 0.17 24.0 2.21 0.0 66.0 2.13 2.39 0.54
74.58 21.68 3.83 0.0 4.0 1.52 24.0 201.0 346.0 62.0 2.89 0.14 0.013 4.4 0.0 0.154 0.128 5.256 0.807 0.15 0 2.06 5.0 65.0 1.265 1.005 0.311
67.05 18.76 13.37 0.0 7.0 1.6 18.0 189.0 160.0 41.0 2.72 0.095 0.021 3.0 0.0 0.14 0.38 6.86 0.51 0.13 1.0 2.47 0.0 75.0 6.67 5.13 0.59
60.04 16.56 22.9 0.2 6.0 1.29 19.0 156.0 290.0 63.0 2.04 0.091 0.007 3.5 0.0 0.111 0.11 4.676 0.37 0.14 0 0.95 15.0 69.0 9.639 6.522 0.858
73.5 20.86 5.32 0.0 7.0 1.54 24.0 193.0 356.0 75.0 2.54 0.116 0.009 4.2 0.0 0.118 0.136 5.918 0.445 0.175 0 1.13 4.0 66.0 1.96 1.549 0.351
74.37 21.44 3.99 0.0 4.0 1.55 26.0 217.0 368.0 60.0 2.09 0.127 0.01 2.9 0.0 0.072 0.162 6.338 0.543 0.175 0 1.12 2.0 66.0 1.289 0.987 0.279
74.54 21.5 3.77 0.0 4.0 1.55 26.0 217.0 368.0 60.0 2.1 0.127 0.01 2.9 0.0 0.072 0.162 6.356 0.545 0.176 0 1.12 2.0 66.0 1.187 0.923 0.272
62.47 16.9 20.36 0.2 5.0 1.05 18.0 150.0 280.0 58.0 3.16 0.077 0.007 3.0 0.0 0.128 0.12 4.352 0.49 0.098 0 1.98 13.0 61.0 8.211 5.48 0.764
72.9 20.2 6.88 0.0 5.0 1.16 21.0 175.0 325.0 65.0 3.8 0.092 0.009 3.3 0.0 0.138 0.142 5.204 0.578 0.113 0 2.38 5.0 58.0 2.125 1.605 0.352
69.53 19.88 9.96 0.05 8.0 1.36 22.0 186.0 324.0 62.0 2.17 0.101 0.008 2.8 0.0 0.062 0.172 5.024 0.584 0.237 0 1.03 7.0 62.0 4.305 3.012 0.46
71.67 20.61 7.12 0.0 8.0 1.4 23.0 192.0 334.0 63.0 2.24 0.105 0.008 2.9 0.0 0.061 0.178 5.208 0.604 0.246 0 1.05 5.0 62.0 3.044 2.223 0.371
62.78 18.12 18.52 0.13 10.0 1.3 20.0 165.0 277.0 61.0 2.34 0.098 0.008 3.3 0.0 0.084 0.167 5.032 0.408 0.159 0 1.12 11.0 66.0 7.229 4.904 0.719
70.24 20.65 8.61 0.0 12.0 1.43 22.0 185.0 309.0 67.0 2.66 0.112 0.009 3.6 0.0 0.083 0.191 5.749 0.454 0.181 0 1.25 5.0 64.0 2.782 2.036 0.426
61.07 16.16 22.89 0.24 10.0 1.01 17.0 147.0 261.0 64.0 2.91 0.076 0.007 4.5 0.0 0.098 0.134 2.916 0.25 0.118 0 1.86 14.0 60.0 9.855 6.637 0.968
72.51 19.72 8.3 0.0 12.0 1.12 20.0 175.0 307.0 73.0 3.57 0.092 0.008 5.3 0.0 0.099 0.164 3.463 0.279 0.14 0 2.3 4.0 56.0 3.371 2.584 0.553
74.43 20.93 4.09 0.0 4.0 1.4 24.0 197.0 344.0 60.0 3.26 0.123 0.011 3.6 0 0.14 0.201 5.234 0.677 0.225 0 1.89 3.0 64.0 1.37 1.272 0.333
74.43 20.93 4.09 0.0 4.0 1.4 24.0 197.0 344.0 60.0 3.26 0.123 0.011 3.6 0.0 0.14 0.201 5.234 0.677 0.225 0 1.89 3.0 64.0 1.37 1.272 0.333
50.8 14.52 34.39 0.0 15.0 1.39 18.0 137.0 190.0 56.0 2.71 0.089 0.016 16.8 0.0 0.1 0.19 6.09 0.62 0.11 14.0 2.09 0.0 76.0 15.16 14.13 2.69
50.8 14.52 34.39 0.0 15.0 1.39 18.0 137.0 190.0 56.0 2.71 0.089 0.016 16.8 0.0 0.1 0.19 6.09 0.62 0.11 14.0 2.09 0.0 76.0 15.16 14.13 2.69
53.68 15.32 30.71 0.0 14.0 1.43 19.0 143.0 201.0 58.0 2.87 0.092 0.017 17.7 0.0 0.1 0.19 6.06 0.62 0.12 15.0 2.14 0.0 74.0 13.43 12.6 2.42
53.68 15.32 30.71 0.0 14.0 1.43 19.0 143.0 201.0 58.0 2.87 0.092 0.017 17.7 0.0 0.1 0.19 6.06 0.62 0.12 15.0 2.14 0.0 74.0 13.43 12.6 2.42
70.44 19.98 9.23 0.0 12.0 1.67 25.0 181.0 265.0 72.0 3.8 0.111 0.024 22.3 0.0 0.12 0.2 5.89 0.65 0.16 21.0 2.38 0.0 66.0 3.3 3.71 0.84
70.44 19.98 9.23 0.0 12.0 1.67 25.0 181.0 265.0 72.0 3.8 0.111 0.024 22.3 0.0 0.12 0.2 5.89 0.65 0.16 21.0 2.38 0.0 66.0 3.3 3.71 0.84
61.76 16.79 20.9 0.0 14.0 1.56 21.0 159.0 238.0 60.0 3.43 0.102 0.019 19.3 0.0 0.11 0.22 6.09 0.69 0.13 19.0 2.44 0.0 71.0 9.15 8.58 1.65
61.76 16.79 20.9 0.0 14.0 1.56 21.0 159.0 238.0 60.0 3.43 0.102 0.019 19.3 0.0 0.11 0.22 6.09 0.69 0.13 19.0 2.44 0.0 71.0 9.15 8.58 1.65
63.3 17.19 18.94 0.0 14.0 1.58 22.0 162.0 244.0 61.0 3.52 0.104 0.02 19.8 0.0 0.11 0.22 6.08 0.69 0.13 19.0 2.47 0.0 70.0 8.24 7.77 1.5
63.3 17.19 18.94 0.0 14.0 1.58 22.0 162.0 244.0 61.0 3.52 0.104 0.02 19.8 0.0 0.11 0.22 6.08 0.69 0.13 19.0 2.47 0.0 70.0 8.24 7.77 1.5
74.14 19.99 5.2 0.0 12.0 1.74 25.0 186.0 287.0 69.0 4.15 0.116 0.024 22.7 0.0 0.12 0.23 6.0 0.72 0.15 24.0 2.67 0.0 64.0 1.86 2.09 0.48
74.14 19.99 5.2 0.0 12.0 1.74 25.0 186.0 287.0 69.0 4.15 0.116 0.024 22.7 0.0 0.12 0.23 6.0 0.72 0.15 24.0 2.67 0.0 64.0 1.86 2.09 0.48
61.9 16.63 20.86 0.0 17.0 1.48 21.0 160.0 229.0 62.0 4.28 0.096 0.02 19.2 0.0 0.11 0.2 5.43 0.67 0.14 19.0 2.59 0.0 72.0 8.93 8.54 1.68
61.9 16.63 20.86 0.0 17.0 1.48 21.0 160.0 229.0 62.0 4.28 0.096 0.02 19.2 0.0 0.11 0.2 5.43 0.67 0.14 19.0 2.59 0.0 72.0 8.93 8.54 1.68
63.39 17.01 18.97 0.0 17.0 1.5 21.0 163.0 234.0 63.0 4.4 0.098 0.02 19.6 0.0 0.11 0.21 5.4 0.68 0.14 20.0 2.62 0.0 71.0 8.04 7.76 1.54
63.39 17.01 18.97 0.0 17.0 1.5 21.0 163.0 234.0 63.0 4.4 0.098 0.02 19.6 0.0 0.11 0.21 5.4 0.68 0.14 20.0 2.62 0.0 71.0 8.04 7.76 1.54
72.36 19.29 7.63 0.0 16.0 1.62 24.0 183.0 268.0 70.0 5.11 0.107 0.024 22.0 0.0 0.12 0.22 5.19 0.7 0.16 23.0 2.83 0.0 67.0 2.73 3.07 0.7
72.36 19.29 7.63 0.0 16.0 1.62 24.0 183.0 268.0 70.0 5.11 0.107 0.024 22.0 0.0 0.12 0.22 5.19 0.7 0.16 23.0 2.83 0.0 67.0 2.73 3.07 0.7
61.39 16.58 21.45 0.0 16.0 1.5 21.0 158.0 230.0 61.0 3.94 0.097 0.019 19.2 0.0 0.11 0.21 5.66 0.68 0.13 19.0 2.53 0.0 72.0 9.28 8.79 1.71
61.39 16.58 21.45 0.0 16.0 1.5 21.0 158.0 230.0 61.0 3.94 0.097 0.019 19.2 0.0 0.11 0.21 5.66 0.68 0.13 19.0 2.53 0.0 72.0 9.28 8.79 1.71
63.36 17.07 18.96 0.0 16.0 1.53 21.0 163.0 237.0 63.0 4.12 0.1 0.02 19.7 0.0 0.11 0.21 5.62 0.68 0.14 19.0 2.57 0.0 71.0 8.1 7.76 1.52
63.36 17.07 18.96 0.0 16.0 1.53 21.0 163.0 237.0 63.0 4.12 0.1 0.02 19.7 0.0 0.11 0.21 5.62 0.68 0.14 19.0 2.57 0.0 71.0 8.1 7.76 1.52
72.99 19.55 6.76 0.0 15.0 1.66 24.0 184.0 274.0 70.0 4.77 0.109 0.024 22.2 0.0 0.12 0.22 5.45 0.71 0.16 23.0 2.78 0.0 66.0 2.42 2.72 0.62
72.99 19.55 6.76 0.0 15.0 1.66 24.0 184.0 274.0 70.0 4.77 0.109 0.024 22.2 0.0 0.12 0.22 5.45 0.71 0.16 23.0 2.78 0.0 66.0 2.42 2.72 0.62
43.95 4.2 1.11 49.07 18.0 1.41 84.0 96.0 447.0 3.0 0.87 0.363 1.601 0 36.0 0.16 0.18 0.8 0.555 0.41 68.0 0.0 10.0 0.0 0.164 0.581 0.288
61.41 2.25 0.53 34.91 31.0 1.45 49.0 72.0 329.0 14.0 1.1 0.562 1.591 0 26.3 0.344 0.163 1.5 0.206 0.283 47.0 0.0 2.0 0.0 0.078 0.278 0.138
6.5 25.8 49.24 16.13 92.0 4.58 168.0 376.0 705.0 18.0 3.27 1.144 1.934 7.2 0.0 0.64 0.135 12.066 1.767 0.348 240.0 0.0 0.0 0.0 6.279 24.426 15.558
45.0 5.97 0.99 46.28 98.0 2.09 68.0 67.0 1183.0 31.0 1.13 1.444 0.178 0 27.4 0.055 0.055 0.88 1.103 0.403 66.0 0.0 12.0 0.0 0.267 0.126 0.527
66.16 18.58 13.06 0.0 12.0 1.37 31.0 197.0 198.0 103.0 2.51 0.088 0.008 13.1 0.0 0.113 0.28 5.52 0.67 0.446 3.0 2.28 0.0 49.0 5.108 6.159 0.732
74.8 20.98 3.08 0.0 5.0 0.79 26.0 220.0 367.0 63.0 2.3 0.108 0.029 9.0 0.0 0.08 0.27 9.42 1.07 0.46 14.0 1.04 0.0 78.0 1.18 1.12 0.24
75.82 21.28 1.76 0.0 5.0 0.8 27.0 223.0 372.0 64.0 2.34 0.11 0.029 9.1 0.0 0.08 0.28 9.56 1.09 0.47 14.0 1.05 0.0 78.0 0.53 0.56 0.18
75.2 22.07 2.07 0.0 4.0 0.81 30.0 212.0 273.0 86.0 1.97 0.089 0.017 16.0 0.0 0.1 0.34 9.28 0.58 0.599 4.0 2.08 0.0 56.0 0.805 0.986 0.107
69.44 20.07 10.07 0.07 14.0 0.84 43.0 222.0 241.0 98.0 2.01 0.082 0.013 16.2 0.0 0.078 0.28 6.617 0.629 0.604 3.0 2.46 0.0 59.0 3.607 4.808 0.404
74.79 21.85 2.9 0.0 11.0 0.85 47.0 237.0 260.0 99.0 2.15 0.088 0.014 18.0 0.0 0.086 0.31 7.25 0.69 0.683 3.0 2.65 0.0 55.0 1.121 1.353 0.193
71.15 18.86 9.01 0.0 13.0 0.86 22.0 184.0 290.0 89.0 3.24 0.102 0.027 8.2 0.0 0.07 0.23 6.68 1.13 0.42 12.0 1.29 0.0 82.0 3.71 3.43 0.63
75.18 19.97 3.89 0.0 14.0 0.88 23.0 194.0 306.0 95.0 3.47 0.108 0.029 8.5 0.0 0.07 0.24 7.05 1.19 0.44 13.0 1.36 0.0 83.0 1.17 1.25 0.4
74.05 19.34 5.44 0.0 21.0 1.0 25.0 208.0 327.0 83.0 3.2 0.12 0.028 8.4 0.0 0.08 0.27 7.63 1.26 0.44 15.0 1.37 0.0 82.0 2.26 2.08 0.38
76.64 20.04 2.16 0.0 22.0 1.02 26.0 215.0 339.0 86.0 3.34 0.124 0.029 8.6 0.0 0.08 0.28 7.91 1.3 0.46 16.0 1.42 0.0 83.0 0.65 0.69 0.22
72.6 18.72 7.61 0.03 23.0 1.22 32.0 202.0 198.0 91.0 3.18 0.08 0.012 14.9 0.0 0.101 0.397 4.491 0.971 0.437 3.0 2.73 0.0 62.0 2.701 3.642 0.313
76.29 19.6 2.88 0.0 23.0 1.26 33.0 209.0 203.0 92.0 3.38 0.083 0.012 15.8 0.0 0.109 0.43 4.61 1.05 0.466 3.0 2.88 0.0 60.0 1.113 1.361 0.171
72.6 18.72 7.61 0.03 23.0 1.22 32.0 202.0 198.0 91.0 3.18 0.08 0.012 14.9 0.0 0.101 0.397 4.491 0.971 0.437 3.0 2.73 0.0 62.0 2.701 3.642 0.313
76.29 19.6 2.88 0.0 23.0 1.26 33.0 209.0 203.0 92.0 3.38 0.083 0.012 15.8 0.0 0.109 0.43 4.61 1.05 0.466 3.0 2.88 0.0 60.0 1.113 1.361 0.171
74.78 19.27 5.28 0.0 22.0 0.91 23.0 203.0 302.0 91.0 3.93 0.119 0.028 8.1 0.0 0.09 0.29 6.19 1.42 0.39 12.0 1.67 0.0 87.0 2.05 1.94 0.41
76.58 19.79 3.0 0.0 22.0 0.9 24.0 208.0 311.0 92.0 4.06 0.121 0.029 8.3 0.0 0.09 0.29 6.15 1.45 0.4 11.0 1.68 0.0 86.0 0.9 0.96 0.31
71.85 19.07 7.81 0.0 11.0 0.78 24.0 209.0 329.0 76.0 2.55 0.11 0.027 8.5 0.0 0.08 0.3 8.44 1.36 0.49 13.0 1.27 0.0 78.0 3.35 3.04 0.51
75.94 20.2 2.59 0.0 11.0 0.8 26.0 220.0 348.0 80.0 2.73 0.116 0.029 8.7 0.0 0.08 0.31 8.97 1.45 0.52 14.0 1.34 0.0 79.0 0.78 0.83 0.27
